"grid_id","V1","V2","V3","V4","V5","V6","V7","V8","V9","V10","V11","V12","V13","V14","V15","V16","V17","V18","V19","V20","V21","V22","V23","V24","V25","V26","V27","V28","V29","V30","V31","V32","V33","V34","V35","V36","V37","V38","V39","V40","V41","V42","V43","V44","V45","V46","V47","V48","V49","V50","V51","V52","V53","V54","V55","V56","V57","V58","V59","V60","V61","V62","V63","V64","V65","V66","V67","V68","V69","V70","V71","V72","V73","V74","V75","V76","V77","V78","V79","V80","V81","V82","V83","V84","V85","V86","V87","V88","V89","V90","V91","V92","V93","V94","V95","V96","V97","V98","V99","V100","V101","V102","V103","V104","V105","V106","V107","V108","V109","V110","V111","V112","V113","V114","V115","V116","V117","V118","V119","V120","routeid","left","top","right","bottom","coords.x1","coords.x2"
67,,,,0.373710451745195,0.233797590888113,,0.62486466779519,1.01985639648557,,1.52794942056373,1.81771917038397,,,,,,,,,,1.02839192245863,1.87535508234225,1.2057871010751,,0.369671705568396,,,,1.99620191173535,0.533967133892422,1.35931464508984,,1.55820130489153,1.08071874366181,,,,,1.27627696247472,,1.17243843420959,1.60764973028721,0.222233124329308,0.880153976607272,2.47805532396715,,,,0.332494269691757,0.756750818112873,,,,1.06878018660245,1.6068074243634,0.392393930818001,0.615922510140106,,,,,,1.43845559592355,,,,,0.640331271344788,0.582978494376756,,0.334933017663846,,,0.863341797355375,,0.456101752193181,0.97545679404259,,1.09808778079756,0.548653058439519,,,,,,,0.580900839119657,0.960728456812122,,3.54227002883743,,0.660493885508836,,,0.980715035770651,0.397289765081344,1.042701802675,0.608617384369355,0.109899747089057,,,1.99154280805113,1.64621912164651,1.61832540948361,1.08307701452011,,1.31011782837176,0.326043983785743,0.0251229030417125,,0.497257397568214,,1.30624238515957,1.7108229371907,1.75748474275016,1.46916334633574,0.955155489387529,0.788399174662086,0.338150624239437,,1731.5,4091897.35716,3960489.78728,4141897.35716,3910489.78728,4117000,3947070
138,,,,0.480222603539225,,,0.598378122472359,1.14603714392265,,2.19431138100921,1.45418416858745,,,1.22904589416325,,,,,,,1.15476903033378,2.07071987463091,1.46019743798265,,,0.798548818670792,,,0.950028249172447,0.529394176401377,1.00870413017317,,1.62278836526062,,,1.47186584924247,,,1.04425647213559,,1.39209277712107,1.05150931346742,,1.10009474671611,1.7352500859665,2.12983705675875,,0.949946381847766,,0.678004290215958,0.50808710226794,0.895372171641643,,0.646243525298563,,,0.494861384701195,0.611997574896193,,1.57541881829269,,,1.53699427719304,,,,1.00171309096162,0.557918306306907,0.623150733914596,0.999301010940997,0.385395321309488,,0.895446612893292,1.11338046736808,0.0599145522968815,,1.14939623480504,,0.663636255131776,0.637993804481323,0.774652655312118,,,,,,1.13725906713648,,1.05342444206673,3.45368378530284,1.21535277215773,,1.51615534000654,,0.799228068798358,0.591069786293707,,0.584028234113657,0.189072741267307,,,,0.876803034220825,0.656238946950977,0.595242701010532,,0.980113556330834,,1.03662117065572,,,0.758081493564933,0.59953711733442,1.76403886982654,0.522742673393157,1.09880350276934,1.51954407074123,0.90558585035259,,0.894928464440565,1750.5,4191897.35716,4110489.78728,4241897.35716,4060489.78728,4227875,4086050
169,,,,0.460994590131882,,,1.03131151303351,0.134140972212757,,2.71757872116068,1.22921854988035,,,,,,0.506905077793806,,,,,2.09471152023575,1.63497350809819,,,,,,,0.527377480358191,0.838364852783508,,1.58201907554884,,,,,,,,1.43042405307964,0.716883304500015,0.410287100541965,0.894712546300354,1.36606920070297,2.44314470315033,,,,0.506429725582302,,,,0.489319000292944,,,0.550598389561356,,,0.678992938271423,,,1.7380706753411,,,,1.19390154944839,,0.433956374344075,,0.283017142969038,,0.792626640648189,1.55387599377924,,,,,0.392665460959164,0.657156195340946,,,,,,,1.36026767409401,,,3.27229928083469,,,1.5546506163527,,0.773314523560871,0.803337320198265,,,,,,,0.73888430463946,1.03709444710936,,0.263689793557554,,,,,,0.984887590378218,0.214169335536186,1.72026192601807,0.248173224776255,0.937803238353245,1.66268727092628,1.09402448920194,0.413069514079701,,1722.5,4241897.35716,4410489.78728,4291897.35716,4360489.78728,4288650,4372987.5
177,,,,0.566536539045473,0.371796512358808,,0.876256422032456,0.720879853922291,,1.01320786038954,2.29882095568723,,,,,1.17380666684932,0.930531480695004,,,,,1.45840227183627,1.78125818932303,,0.427164099988393,,,,1.75354232803988,0.561575153372805,1.23294463552874,,1.4488530129622,,,,0.761142186337552,0.669703220799266,,,0.674634905118991,1.85237430889701,,1.2299752407986,3.21789491995311,,,,0.524323542839215,0.586028302270884,,,,0.124588318768167,,0.445798273100631,,0.471370916343537,,,,,1.51779910467718,,,,,,0.778317012186353,,0.665792412140963,,0.586666626529954,0.647022067694052,,0.652732911796654,0.641001404687259,0.517645331552338,1.44266981237487,0.743012856954784,0.571199990414079,,,,,,0.842733857218938,0.812514437309313,0.882576444101349,3.29473733559634,,0.274570169905614,1.28634309462422,,0.878507314873448,0.408444903059252,1.17928484403797,0.563175301769479,,,,,0.944749825814926,1.09507164255379,0.610244403817901,0.663334800253677,1.4525535720303,,0.246388210626768,,0.534640275685267,0.404862455597201,0.859785719552407,1.48717123004609,1.78447753922795,1.64821067487229,0.903344168210433,0.670331305986494,0.696617596846325,,1711.5,4241897.35716,4010489.78728,4291897.35716,3960489.78728,4251790,3984490
206,,,,0.235543963002694,0.162229979226951,,,,,,0.905393100037721,,,,,,,,,,,2.41969332406677,1.59002346415317,,,,,,1.02866036112044,0.666427256713009,0.951573154556431,,1.3738558992368,,,,,,,,1.50626276933872,1.21971512168839,0.184368052918437,1.13791113831817,1.48504363731508,3.49821153508718,,,,,,,,0.584772082861301,,,0.952580060963699,,,,,,1.76637040375261,,,,1.04617892365478,0.722643023801306,0.439758251319855,,0.190404737422426,,,,,,1.15934625670853,,0.877881671794988,0.726067842752045,,,,,,,1.3258329622237,1.04176299983175,0.700212954363882,4.08002759353177,,,,,1.00398843127455,0.783418777787516,0.735263261955005,,0.204430193070547,,,,1.32394726890366,1.71563232520449,,,,,,,,,0.930191187529458,2.11574075960773,0.844719153239058,1.29242069129394,1.97968081402301,0.878451320986211,,,1717.5,4291897.35716,4410489.78728,4341897.35716,4360489.78728,4293100,4373800
281,,,,,0.00464476920963157,,0.837782067654858,,,2.12351988578863,1.69935088975088,,,1.2886479973416,,,1.11363065109263,,,,,1.83949092478047,1.83813622964511,,0.286200104630573,,,,1.09337490795909,0.55095903867628,0.958545448036652,,1.57026461506678,0.869763274206542,,,,0.573543834560481,,,1.14826602762687,1.2199982138614,,1.27184657180853,2.12928555840117,2.25084782599848,,0.983883334139072,,0.822779615380642,0.533357803001696,,,0.136959299025635,,0.402012890019724,0.375249152122858,,,1.56417131446746,,,1.69085263191987,,,,0.930666278797566,,,0.966577938920988,0.618816005747574,,0.938204091356096,0.952768439365082,,,,0.46001226989595,0.957135912798016,0.730575460012462,,,,0.484550784344058,,,1.30083169922236,,0.426984534985186,3.29885373254446,1.32903493948696,,1.33831799903287,,0.692090059383278,0.789762491998153,0.940520129913264,0.714411505520797,,,,,,,,0.319926953421094,1.19268678921249,,0.833878492633641,0.813352510116417,0.31833611830976,0.886799445313896,0.229080089828151,1.61474617133041,0.923227268741292,1.17973269965205,1.59230764095581,0.986671890468452,0.571342802423871,,1759.5,4391897.35716,4360489.78728,4441897.35716,4310489.78728,4434520,4329720
289,0.486755489034193,,0.494853234289858,0.339594237599928,,1.68699094348782,0.907119531460855,1.43872875399703,1.68149485142577,0.780793550082969,2.06173199230311,2.12580583495704,0.648930390166893,2.46486372996078,,1.29214360042303,0.926410773166356,0.349057552361354,2.4032119681828,,1.42955986855009,1.03264472195194,1.50223768238931,,0.67096924102758,0.246426252412429,1.50127622579612,,2.2012985553099,0.738548239131653,1.97148821214315,2.56008992656606,1.04538728595697,1.0037516785307,1.68032410559903,1.83361109470968,0.680624249014866,0.571580055862886,1.80905294478559,,0.531211641582748,1.70932680622654,0.182066507011897,1.19448262310652,3.42301349988562,,,0.621741129976202,0.643941983123731,0.627934700885565,0.845225737697544,0.874408958166404,2.65427282384761,0.7377948153545,1.27426577586598,0.292117905385868,,0.479668452611728,3.3266195894653,2.05326188352752,2.13634768066087,2.42817938961947,1.58074093751675,1.20943596224045,0.376195232764183,1.69929178413394,,1.06501370058901,1.19751323630651,0.928671863890852,0.712017140508633,0.55898350539224,,0.832568927115454,0.24506704770796,0.892445753616465,0.894201269056304,0.854115776294072,1.8287023045888,0.861888123710441,0.582609362924062,1.48568206390984,1.2725193261814,,2.07394427414121,1.20480440281394,0.552589774147616,0.757204366338301,0.921478565349535,3.29957571068747,1.07700443466738,0.330772228785828,,0.857568330394169,0.877898279441233,0.5684033297137,1.60049243119258,0.777280646432099,0.179240179001112,0.365939532068595,1.29572298224171,2.9454768733054,1.43220206258948,1.64251518378304,1.30951495817052,0.744721228338673,0.867427187528044,0.305032495421721,,,0.412352033630908,0.844664256619066,1.17027523091092,1.10541505352997,2.36640051680367,1.45234578615815,1.1737777714334,0.734003302750327,0.492583821811629,1.82700832122757,1699.2,4391897.35716,3960489.78728,4441897.35716,3910489.78728,4404255.2,3935400.8
291,0.0849437324718578,,0.763364487942477,,,1.86852896225696,,2.0346487508423,1.97159144763588,0.424733929915203,1.02378923969322,2.17867695140779,,,,,,,2.0821133217365,,1.7074484114911,,,,,,,,1.81062938099886,,2.72210667164136,2.82955037855177,0.852382195826366,,2.13386766449075,2.73354756898796,-0.402031458803154,,1.62142840030281,,-0.1666813950565,0.739078002365831,,,3.11631522520749,,,,-0.0329377013199466,,,,2.12536147595507,,1.97747712202324,,,,4.47251188314116,2.88098810874894,2.38792876371704,2.1949728326075,,,,,,1.58529652346195,2.03806664121967,,,,,,,,0.875048694101914,,1.76320101138305,,,,1.19020049760109,,1.76209891251599,0.999531969734133,0.34245236005966,0.527945487129242,,2.83809274775192,0.738541769991812,-0.262108091147536,,,0.752966691005017,,,0.234248709657305,,0.259962612275294,1.44619618454636,3.47904301925297,1.12968478637487,1.18542676794833,2.43913007351491,1.48030040988444,,,,,,,1.06943698031119,,2.36486927473657,0.354639294980333,,,,2.08215431483259,651,4391897.35716,3860489.78728,4441897.35716,3810489.78728,4426541,3853134
316,,,,,,,,,,2.70276644605463,1.56517399774021,,,,,,,,,,,1.69444151301054,1.73100388012807,,,,,,0.253213963602402,0.382516117772766,0.427269019600057,,1.25208702667649,,,,,0.205407863933988,,,0.996560734787735,0.995686358545163,,,2.16837149193381,2.23475396777753,,0.641099155579709,0.0811808438165384,0.820537678022967,,,,,,,,,,0.991081967982489,,,1.42237918754787,0.562232089038504,,,1.10488699061814,-0.0668183202287655,,1.4367947485908,0.91799579154048,0.845553724207564,0.398539289812252,1.68693495401714,,,,,0.813876378808408,0.574352302617462,,,,0.263264250868625,,,1.17481486317001,0.36912149668765,,3.28282422892253,,,1.07475368576439,,0.689226377729242,0.402230948895418,1.12125247179943,,,,,,,,,,0.528746611474951,0.119671385574284,1.34745874864969,0.566576170438907,,0.620413677704845,0.196486782392282,1.24713143127816,0.551602002258272,0.806684548847878,1.15036072425905,1.12198335728789,,,954,4441897.35716,4460489.78728,4491897.35716,4410489.78728,4461906,4456390
318,,,,0.429698604035875,,,0.872435483149005,,,1.52831732192993,1.99146155325862,,,,,,,0.373688608847561,,,,,2.07575247676973,,,,,,,0.506021521459306,0.87786555810331,,1.18657525047119,0.555622515132121,,,0.67848159779931,,,,0.632876187798652,1.52447466380146,,1.13240326372629,2.6854426991315,1.9722474706613,,0.50531127213144,0.314128362637084,,0.609371110300355,,,,1.35961281039524,,,,,1.18420530345447,,,1.60204692470531,0.972944812774166,,,,,,1.11739362666624,0.869180212120251,,,,,,0.650095484432744,0.621679359860573,0.932323919828835,0.769396957525761,,,,0.59178970925068,,,1.30235864999449,0.818674896196412,,3.55327679264002,,,,,0.906103756328339,0.426991971296596,1.37574364551976,,,0.356445331181011,,,0.97650421991888,,,,0.71779252763452,0.411507661069715,,0.696732310026465,,,0.490925928037413,1.3614282495439,,1.2711410985584,1.30996016240412,,0.48674106411478,,895.5,4441897.35716,4360489.78728,4491897.35716,4310489.78728,4471899,4345346.5
322,,,,,0.397434326815548,,,,,0.368363650716068,2.35181200731325,1.07180358132933,,,0.386805521812214,0.976246722660657,,0.183869547293947,,,0.999315114568187,1.43842255211687,2.05969122419403,,0.597049677794802,,,0.582008496610133,1.88155045078951,0.573096360342836,1.15509952431083,,1.30381961134861,,,1.01462127936245,0.829058987134543,0.724201492972124,1.3436062442417,,,2.07321596690717,0.144172102850713,1.43302356519251,3.52683482534255,,,0.748480503050555,0.647629720065126,,,0.689609031877686,,,0.947257526686664,,,0.517944711994742,,1.6932747246677,,,1.61917810879206,,0.508702525736962,,,,0.749789326950279,0.544383082177603,0.832560585558892,,,0.258965690564773,,0.730328266015071,0.714080375864042,0.589351649762588,1.68758921192167,0.837922523809961,,,,,,,1.03217962049437,0.842732005965034,0.800670081864758,3.43617134675514,,0.417349497758054,,,0.940048314088055,0.575391019558828,,0.48995488634057,0.192411106463057,0.319309941395217,,,0.83525475916082,1.31761827587663,,,1.3697572323533,0.309227870315077,,,0.503080047102395,,0.781110583169289,1.61982808555564,1.84092613789626,1.82853102607784,1.25598754913118,,0.658011006069193,,2189,4441897.35716,4160489.78728,4491897.35716,4110489.78728,4481100,4120900
324,,,1.41367043389682,,,,,,,,1.96545428738357,,,,,1.52129581757719,,0.0240419542957023,,,,,1.4127035636789,,,,,,0.986448580688577,,0.89379190649017,0.83047747423394,,0.652332616954664,,,0.520752145403831,,1.26909130899704,,0.391110762209558,1.25974073073704,,1.02629975359244,3.04917795132391,,,,0.241166441881006,,,0.508506779827016,,-0.164695345017964,0.805985241025165,,,-0.0863287452898576,,1.6245639693808,,,0.844984630819256,,,,,,0.768628148629568,,,,,,,0.492430917070837,0.865676148676068,,1.38516297953771,,,,1.16366777405898,,,,,,,3.06375335054225,0.637287719243339,,,0.946192678787846,0.655952064850484,0.254878938271554,1.21360612605511,0.58124483177996,,,,1.28129728027149,0.696245499281637,1.13548378024106,0.939016192923973,,,,,,0.363599921576328,,0.522986303344711,0.969977458651005,1.50149388110163,0.988550442425731,0.926239656604389,,0.192074712504737,,761,4441897.35716,4060489.78728,4491897.35716,4010489.78728,4485168,4058370
325,,,,0.579781158985843,0.598621189195258,2.50363934485627,,1.47383658968994,,0.704574800439532,2.00630234970482,2.14618972762184,,,0.246229081241332,1.11691569253534,1.06749576985323,0.349936665498279,,,1.39210440987537,,1.65709660310999,0.405644828441486,0.430466336378326,,,,2.23443660980043,0.713805398810179,1.819088447471,1.25946173646615,1.06259547345367,0.867170222294465,,1.37935711348153,0.890737190747742,0.650798350657105,1.78168983232587,,0.540229181883819,1.78836139724352,,1.36000289590366,3.47111481504799,,,0.613621071191094,0.725854116693445,0.681828636819346,0.659032915236708,0.888169966074781,,0.788024325419168,1.18009786145486,0.506712559557316,,0.435771019409475,1.69123306842468,1.7676905424066,,,1.50150492945145,,,,,,1.06529975019475,,0.685390450914044,,,,,0.743218422071941,1.04619671245369,0.759166414801404,1.93969691910275,0.803833551208834,0.423464925670344,,1.34482450920401,,,,0.58226619034647,0.748532352062943,0.828188463701653,3.28300523685369,1.21816049441975,0.646893392755718,,,0.873192196549944,0.468920097053585,1.37545868901682,0.770603956357753,0.183542014441652,0.607185730740623,0.528362978300624,2.65466125038174,1.35402308800258,1.70537777496253,1.01229266442559,0.623361942369065,0.839067634376815,0.29175229372776,,,0.364393835052074,,1.04402469890298,1.35326253809535,2.27134791009742,1.618736211356,1.77307794414822,,0.403494010258955,1.73646054005033,1758.33333333333,4441897.35716,4010489.78728,4491897.35716,3960489.78728,4446911.33333333,3982258.66666667
326,0.647905969936842,,,,0.681219456984364,1.65026604193929,,1.63539611572405,2.07514895295606,0.72273683755592,1.71511763153649,2.27263679860821,,,,1.95761591714185,1.27661384291666,0.386399125791226,,,1.32205387037635,,1.1538336284545,0.674180252853716,0.522119961747279,,,,2.48095686205503,0.703860170549574,2.26396335615954,2.30823466139581,1.3353818387024,,,,0.991830149487326,,1.90819198310001,,,1.46963329995415,0.227865138404566,1.47064609942297,3.27888221581978,,,,0.530020421384291,,,1.03869228338096,,0.761391692050131,1.35602287218614,,,,1.76100208288692,2.09138994301819,,2.46512347448053,1.42737412671053,,,,,,1.28617593404512,,0.484197315596057,,,,,0.597900454816936,1.39479979281664,,2.16937613317511,,0.450585140836928,,1.27850192371732,,,1.31160722028432,0.322038364530187,0.630639520980253,1.07551335273249,3.19926110166304,1.37910136703828,0.580744972041509,,,0.760757135497622,0.529994031945431,0.979034991560296,0.882539933686561,,0.716208156002244,1.21997129851616,3.15532855431096,1.74682291482421,2.01302963227573,1.44794613951513,0.471581241764668,,,,,,,1.13316386356703,,2.55760655463212,1.50023260545142,1.79204151834225,,0.259174355318117,1.43397328346731,2239,4441897.35716,3960489.78728,4491897.35716,3910489.78728,4461200,3933200
327,0.558478939327037,0.715140363715399,0.936425346477347,0.471932912199316,,1.84271223209527,0.519680642221585,1.36125253160844,1.87727793231917,0.402409151394988,1.92966720747515,2.11691296654107,0.394786581109542,1.56612250396676,,1.6684018732838,1.08594705281457,0.369116856202717,0.917012458297665,,1.26717001985481,,1.43906790727544,,0.567066168637392,0.436691647967746,1.69932776515398,0.628236519056146,2.41720182285271,0.687549335214115,2.09313776119425,2.28167953225749,1.15510771229119,,1.22326511333388,1.65731833579348,0.943327894054504,0.443556375711024,1.9727588993694,,0.785018313019954,1.69710128012296,0.254780386304814,1.34993225898844,3.46161506140668,,1.19947228421145,0.813246317657293,0.615511320489986,0.813314791414144,,0.946268432777467,0.908877643568905,0.729942535560971,1.32485791434148,0.502632066751131,,0.37653038416346,1.82178953916265,1.89619489605634,1.00223638115136,2.68214242592313,1.50300168589127,,,,,0.316032730547753,1.22905960325041,0.404244302865362,0.661091591732846,,,0.0196590371376421,0.234588628322394,0.665543537766276,1.26429210183069,0.447807390112301,2.08010871961715,0.576175221313668,0.444818430123963,1.54105390265438,1.3710118489957,,1.67857939834235,1.05858045063239,0.253133262393514,0.723516505989712,1.02385166701559,3.30035335726894,1.27179658677814,0.512267587018244,,1.88459791665609,0.867674733834096,0.466205331004907,1.267775347575,0.897814427837514,0.178657049115469,0.696472113193335,1.07032626594965,2.92674808095741,1.69221427681384,1.96105889037577,1.41500216588213,0.626717992487891,,,,,0.309772017913914,0.936873316364009,1.17193884139895,1.26959615049706,2.54176567313968,1.63513915407023,1.64222474765897,,0.332088036966478,1.42335649282953,1781.71428571429,4441897.35716,3910489.78728,4491897.35716,3860489.78728,4461751.57142857,3876931.85714286
328,0.550477333794417,0.80598047630306,0.861879233142395,0.447727922745983,0.670692097720069,1.52684698920631,0.432461452074574,1.34400499246336,1.98730941838811,0.487360575516341,1.94015153499504,2.01319944680188,0.0573991172710001,,,1.66077131901705,1.23798975451101,0.337699981300003,0.66790133960552,0.483003508191946,1.14822726698439,1.5318645895743,1.46906209868594,,0.452775162713878,0.420451923327992,1.61867902926458,0.662305469338003,2.35421384373252,0.744295440015846,1.95358607953209,2.09619250333429,1.17920617004546,1.11550251776402,,1.72729073839798,0.952670821484337,0.541641528021249,1.81567925382396,,0.661453713583765,1.81113999372895,,1.36706410207092,3.46707733114685,,1.33394263057531,0.46405735971691,0.608151822358284,0.692538043147018,0.624840088529187,0.963592303845487,1.12542947124658,0.517309637737561,1.22712298276349,0.177306819870393,,0.447509718139781,1.46570021137086,2.00930630711019,0.977347481782946,,1.49556425498459,0.904222720236786,,,,0.697756969171701,1.09474239811434,0.499845026690985,0.594022747023699,,,,0.274355201886332,0.691575589014508,1.21274982941182,0.393062315792974,2.07011322133181,0.538107288048428,0.412918103438172,1.04776322145436,1.18482508176343,,,1.40548185843318,0.354376446248853,0.70621239800067,1.04120440146882,3.33019980004491,1.10305155153496,0.476179090692199,,1.6295699225748,0.940052582032977,0.491216138746242,1.29359543199513,0.800638675176267,,0.660307300205596,1.06239489830274,2.60167613128627,1.65070129606979,1.86444042305647,1.1970543307586,0.6188210728701,,,0.044378352270426,,0.356011889807495,,1.24690121238094,1.40912373180358,2.56552808356863,1.64091934528311,1.35849866812486,,0.363271747728122,1.74773236494384,2037.8,4441897.35716,3860489.78728,4491897.35716,3810489.78728,4459480.2,3833543
329,0.795334431350475,,0.639115408446035,,,2.77365056489662,,1.15183264893912,2.2385094862028,,1.94432195177773,2.76060367630132,0.643802069225543,,,1.19055006152441,,0.250539255750762,,0.555240926517877,1.29282496355161,0.804043663946891,1.64166600718824,,,,1.50219546923429,,2.35868687672588,0.658682747993442,2.05022751136904,3.02927558788872,1.01093291831411,,0.839781442594767,1.92648721991706,0.714406192013998,0.60978586409816,1.93184903737703,,0.526860166888253,1.76039700256752,,1.2905560921376,3.54801981956378,,,,0.766087785053668,,0.685820159751505,0.925064437524576,1.56281742376244,0.662325601800394,1.34532201039541,,,0.544366519540664,2.14665432559077,2.25996549647706,0.806072979489713,2.61880101434474,1.62499348108113,,,,,0.661256084377242,1.218733788118,,0.91564885942811,,,,0.197892426139631,0.958982170244836,1.02776135972533,0.798467684459883,1.9850151775039,0.795003902960062,,1.48295924156895,1.54109542386884,,1.8158125753947,1.31187363404576,0.0712507135010359,0.728646691595201,0.81026932554202,3.16435706961895,1.07755704888057,0.221071493780062,,1.13222296623504,0.855400545386225,0.373329247102983,2.17654260123344,0.789991178616821,,,0.732514146997705,2.56247732454922,1.35120572914752,1.74706469950885,1.63362086052733,0.688343723290363,,,,0.461983947049987,0.545441855987475,1.1499546472453,1.11871718191056,,2.37010166563633,1.52281522281862,1.06427482487479,,0.514513027682149,1.97715410512292,1507,4441897.35716,3810489.78728,4491897.35716,3760489.78728,4466903,3805831.5
330,0.58923128156054,0.674120499278105,0.725312089294507,,,2.40710055788559,,1.47674957032284,1.51042759293933,0.440705241885292,1.55527451279384,2.27118269553706,,1.40064552400538,,,0.503572039291311,0.418578543258252,1.51271809801651,0.440336900074247,1.40214663777963,0.75320432112953,1.35015510532843,,0.522790098430767,0.338230276507569,,,2.37792678607512,0.77059489961315,2.56574520481646,2.76046359657277,0.826425465384766,0.828122481496539,1.38812591415282,2.05380026370575,0.609540787400509,0.334999562469221,2.11942622196381,,0.396444571083922,1.36035175198916,,0.926059637522553,3.41825515986943,,0.439086528507419,,0.619998432242727,0.562853926416608,,1.0470822499402,1.37192780327764,0.868315245079475,1.60150475684789,,,,2.89311064422056,1.96896294373094,1.41160449142405,2.03915384891681,1.6189465345617,,,1.89846043396584,,,1.51469127287893,,0.715121570321723,0.461347361766004,,0.84519320323303,,0.718735198734205,1.18388880792101,,2.00092787530624,,0.33200762627191,1.80633058768859,1.49780660916883,,1.586596737378,1.2449225803715,0.195038613137052,0.648963588613567,1.01677419915533,3.13903301530828,1.18850105226159,0.257062131840882,,,0.901781733037073,,1.56252347988998,1.01950005684805,,0.669984418571812,1.12542007403271,3.35946718531849,1.65425853540669,1.89266705339825,2.04888520111739,0.931154368473175,,,,,0.11114808952885,,1.32364617271541,,2.59054195049874,1.16688546401609,1.36638101856183,,0.263978769490403,1.62433306048034,596,4441897.35716,3760489.78728,4491897.35716,3710489.78728,4487870,3746056.5
331,0.674022663230187,0.678165995931124,0.557326014785541,,,2.43468036827711,,1.73819063625053,2.71388765505293,0.750815888397385,1.47001568543683,2.50490128793984,0.789828990000208,,,1.67353441140912,1.26677552812954,0.474271413790695,1.48377066320743,0.571411768843467,1.61188897696438,1.00929456055211,1.02559051488607,0.907163028574953,0.58076945169977,0.431380322381334,1.6383448077016,1.06118567402936,2.76504186533876,0.827497638978918,2.81442328386003,2.97323105481631,1.07094664194646,,1.71325548830651,2.24528254956336,0.803935475961998,0.443282080377429,2.17559839727404,,,1.40714530874759,0.156995914170294,1.17986574346985,3.38856178009592,,1.32170421980656,,0.592708615443309,,,,1.51935110790383,1.10390479137481,1.61409998397664,0.469047024693882,,0.531128868179938,2.7258541295378,2.31940651911584,1.07845295073059,2.52550074257845,1.49041877299207,,,2.06599379168439,,,1.58379307759891,,0.506492926471049,,,0.830042754642339,,0.570745297883778,1.41500311173038,,2.26255910021432,,0.512675209939314,1.89520741555531,1.40558646009872,,1.75584453038446,1.63343387189781,0.00692820565819084,0.789161778342486,1.24513113115486,3.12330912158157,1.46845842838784,0.627701924384819,,,0.777460956336023,0.467917102624879,,1.21156838717102,,0.78798017883786,0.981460305267031,3.82104225664118,1.89920384820422,2.15456728961646,1.98157713216941,0.787108654697112,,,,,,1.49808575053326,1.37319896966097,,2.81902951611074,1.35689717819451,2.02720564613334,,,2.23098854842701,1840,4441897.35716,3710489.78728,4491897.35716,3660489.78728,4485757.75,3702186
348,,,,0.247250183603712,,,0.713064906007349,1.01144492039354,,2.25348061388144,1.03902433216536,,,0.589338584093255,,,1.64394787436681,,,,,2.2113508346792,1.48546212103871,,,,,,,0.61772703861538,1.05119328057582,,1.6284984469845,,,,,,,,1.51916159842395,,,,,2.83996105703871,,0.969490689971862,,,0.581874834582109,,,,,,0.638601287115556,,,1.248942895966,,,1.70412360219518,,,,1.00155496315139,0.839983007284604,,0.854220254067617,0.684562608472238,,1.14064590469602,0.965068198292893,,,,,0.991850822731728,0.489038748384223,,,,,,,1.23043939586172,0.480054876332107,,3.60113066644796,,,1.04874178870854,,0.752355548550535,0.53458946298208,0.124140883891386,,0.202017399515175,,,,1.32022287704761,,,,,,,0.801878205606666,,0.759424674729235,,1.81657994675529,,1.039928405298,1.79411494655173,0.936064566015022,,0.444129635049519,1701.5,4491897.35716,4710489.78728,4541897.35716,4660489.78728,4504010,4665960
352,,,,,,,,,,,1.87629158919644,1.37980283842089,0.412300895035178,,,,,,,,1.29401860074563,,1.90983398185951,,,,0.859833911219613,,1.58469565926988,0.59595285706921,1.24894873946937,,,0.913173772365757,,,0.714252935803382,0.51717635991383,,,,1.36763845155596,0.315058185661299,1.27731223447842,2.70471614917808,,,,0.375278909969005,,0.532446870573222,0.790930581418828,,0.206915746742274,,0.422389010687297,,,,1.43359095447405,,,1.67270273764022,,,,,,,,,1.15900455591488,,,0.14646976748243,0.40998182327833,0.52580057997254,,1.15270334643104,0.726456527761163,,,,,,,,0.969274267190974,,3.17297074030834,1.06919136372115,,,,0.788720913953644,0.697396018049053,0.748652844571423,,,0.123020442534053,,1.14973269779393,,1.09638141366195,,,,,,,,,,1.55649544287004,1.02400192293528,1.41514542046385,1.64593889208966,,,,2393,4491897.35716,4510489.78728,4541897.35716,4460489.78728,4495600,4476800
353,,,,0.532636143543838,,,0.767212770715537,0.54263076610518,,1.77320351182883,1.87677143203061,,,,0.18753308884934,1.3851875600076,0.729208298199743,,,,,1.7458991637979,1.91713507517157,,,,,,1.01990873699622,0.412567682622459,0.931950995673883,,1.17862812154611,0.876112538541291,,,0.830335697142927,0.498931574383555,,,0.832296773403453,1.51868545577992,,1.09282765694821,2.51622894264791,2.10013760762277,,0.5873462982555,,0.838753497961044,0.684091255362354,0.703443623405043,,,1.11730889084695,0.146773083928318,0.804182983041736,,,1.25624585605772,,1.98661067876014,1.64345202943804,0.911388130796106,,,0.948607846175808,,0.659501421287212,1.1516363570334,0.997967122324373,,0.68359073617926,0.796840621305913,,0.238444631164331,,0.635628931770435,1.07326976924153,0.710974291093927,,,,0.677759167517126,,,1.25559773460073,0.638901256941587,0.866724138399689,3.61849093997912,,,0.692490839500265,,0.912986061812871,0.368701475229063,1.45905307336283,,0.157764025992463,,1.12618378700594,,,,,,0.752600164709345,0.299298582394067,0.89307042525822,0.693976240703717,0.428477821579456,,,1.36290733342656,0.902748790877135,1.20759367623334,1.29546519775712,0.827778038460253,0.37121317295403,0.517642250028229,941,4491897.35716,4460489.78728,4541897.35716,4410489.78728,4511369,4444657
354,,,,,,0.47547015505677,,,,1.55558435054938,1.89030321619041,,,,,,,,,,,1.63309378940148,1.93213286919258,,,,,,1.11331414876984,0.549121501377914,,,1.28292142303901,0.926912227152213,,,0.768619849981221,0.406224252748256,,,,1.40185164248608,,1.20339922397974,2.69160136749599,2.36320119876077,,0.698128881185281,,0.895159006650469,,0.831614985177056,,,,,,,,1.83810115608522,,,1.68973586871686,,,,,,,1.29702520179231,1.05589138766959,,,,,,1.02458342600211,0.544913098660771,1.29821036780244,0.707433912252474,,,,0.676710039451291,,,1.31983889310363,,,3.67773153539118,,,0.671192973236864,,,0.388231185929211,1.35964263488869,0.753988669189939,,,,,,1.26894375430465,,,0.78355339594734,,1.21735231950155,0.794323946777996,0.364710997073202,0.366677460527216,0.637070138159794,1.2605975514156,1.32454353795242,1.2090848684249,1.38787620212867,,0.339898958602272,0.92658673646588,933,4491897.35716,4410489.78728,4541897.35716,4360489.78728,4530583,4410324
355,,,,0.812866503512165,,,,,,,1.77375180801022,,,,,,1.35246632035013,,,,,,1.39206678658113,,,,,,0.260260389638481,,0.500248295972139,,1.36746827129074,0.765429682362342,,,0.489563054904013,,,,,0.702005130230256,,,2.33100017074505,1.77058361660156,,,,,,0.373057079430278,,,,,,,,1.99288871356575,,2.9217246198782,0.873351680965128,,,,,,,1.61190923101477,1.10201964921,0.99965748104742,1.03409101267979,,,,0.821770041771747,0.434906562959013,0.920669246242006,0.463279222900117,,,,,,,0.8435997552632,,,3.11062392568954,,,,,,,0.629991674031795,,,,,,,,,,,,1.69699722152177,0.79888323680674,,,,1.14409720293746,0.504088557025445,,1.17174800043583,,0.15999748053177,1.15946915247189,891,4491897.35716,4360489.78728,4541897.35716,4310489.78728,4536958,4338896
358,,,,0.743790434593943,,,,,,1.84821609209532,1.92813308637366,,,,,,,,,,,1.58863849358607,1.78335028432249,,,,,,1.14669581768278,,1.12666199260779,,1.41820917228249,,,,0.833065813795718,0.427206225313265,,,,1.19399063627123,0.378350846066961,1.2375782951294,2.65348983646566,2.01946842548481,,0.880185751710942,,,,0.95207351005157,,0.0372436539048202,1.52059871195433,,,,,2.18069271170276,,,1.55340534906066,1.12687054575379,,,,,0.964301705259187,1.37682849138601,1.08257637225648,,0.987419434180539,,,,,,1.40340283245432,0.6334112854754,,,,,,,1.2151559288315,,,3.54106953046115,,,0.951688344623201,,0.763778723074844,,1.38329480315324,0.830319420692553,,,,,1.27053010083221,1.20877511093967,,0.379215576684287,0.790246592965654,,1.37304901368824,0.8831732350905,0.344891722179809,,0.789749033574064,1.1581263500164,,1.07689881004304,1.36546553148473,,0.375154079053205,,844,4491897.35716,4210489.78728,4541897.35716,4160489.78728,4496241,4207428
360,,,,0.243838438949003,,,0.867579294980595,,,,2.21620801134753,1.75474916230131,0.180271060376945,,,0.60151123605707,0.410594007882405,0.392260102604921,,,1.1674704148118,,2.05470130571564,0.798883788749771,0.552134561747665,,,,1.92354521334035,0.605892926517901,1.93185865761386,2.02019421402358,0.874054602665395,,,1.31654710814192,,0.518386828825929,1.97526420448039,,,2.03616241181019,,1.16490701205353,3.59635503028471,,,,,,0.565859515778964,0.896374796852109,,0.503008138520317,1.22741151215896,,,,,1.49851347194078,,1.41352489756296,1.71107692615649,1.17540227846534,,,,,1.06327133780714,,0.984172068726145,,,,,0.731167783031934,1.0627614963461,0.689464390806666,1.70298603876499,0.901219972137259,0.397656156054405,,1.41387944546898,,,,0.95293257418387,,0.985825856146313,3.57222591394634,1.08491532861589,0.410684431079147,,,0.995344872841137,0.460706151540322,1.86204060031837,0.775666817517998,,0.654205358692211,,2.24328936540319,1.25403696504419,1.85259407685391,1.26511687290975,0.657861868494289,0.802115072090052,0.315729159791373,,,0.581165527239606,,1.09156271530691,1.13431589193807,2.04652241557528,1.67487193982226,1.64997468223805,,0.428218550441518,,766,4491897.35716,4110489.78728,4541897.35716,4060489.78728,4536041.5,4074668.5
361,,,0.69615045196958,,,,,0.71307938183461,0.653666120303373,,2.46501683827884,1.08493255176652,0.197101854107686,,0.305771624667565,1.11005214681698,,0.188992446667447,,0.0261424913333056,0.787687897026935,,2.16223181996462,,0.70136989620041,,,,1.80598836364645,0.601611569224687,1.14418157630656,1.19523282306233,0.952688800171046,,,0.82891616390672,0.901828746140169,0.639266111882472,1.41584506488644,,,2.33546871418487,,1.11294012828348,3.76891132890608,,0.418614121396785,,0.739366133074242,,,0.63916967047217,-0.14237701733052,0.182002805266203,0.975442401660553,,,0.358769085887121,1.10641606770604,1.56820526682859,-0.0471403074094524,1.33829977406744,1.59596528512655,1.04011193760378,0.132805022083089,,,0.473397394697514,0.705542744592582,,1.01173515348306,,,,0.221201299177117,0.83684576947587,0.815163893809005,0.819026023025739,1.70953573565347,0.831426603549287,,,1.30840205442321,,1.06897505287343,,0.965283556431421,0.615775125585543,0.948828331572302,3.66953462007837,0.605569610631488,0.300916109795643,,0.624084499987318,1.09258348059058,0.377750434163758,2.07740005618673,,,0.496446464455636,0.552441845655495,1.22647730221077,1.33021478016138,1.47703794525856,0.838851069614733,0.69407851845097,0.853401688015037,0.271883009708328,,,0.571275988928342,,1.24197728534652,1.38619236370207,2.23069464771014,1.78922676589618,0.969539013069666,,0.5247951669157,0.62365682109451,749,4491897.35716,4060489.78728,4541897.35716,4010489.78728,4510162.5,4048464
363,0.552394234681885,,,,,3.03269577727089,,1.31454674326323,,,1.74603760738329,2.01149319204493,,,,0.968032912629192,,0.465900906936911,1.11052519183481,0.501386393344418,1.26119077383148,,1.20617757841076,,,0.412739606383366,,0.46010594243548,2.47294170640102,0.689629906471438,2.28065012919443,2.2772147673635,1.31726654078,,,,0.947112580221677,0.249979466174822,2.0969957895621,,,1.53961261446234,0.376612140387505,1.24543893941179,3.39200826555012,,,0.751554606326139,0.593697065351101,,,0.94487925386888,,,1.22530188711161,0.503943512054803,,0.504871446499838,1.64177863764159,1.55669635435052,,1.78709898607941,,,,,,,1.18390435963165,,0.798070941298949,,,,,0.59061142220349,1.30732349687332,,2.04909669366665,,0.359473771429529,,1.10959198685241,,,,0.216840980311055,0.757589243325109,1.52849208909156,3.30527395177307,1.285686613394,0.459496452410909,,,0.931333845075514,0.37880050544051,1.10838930086243,0.929604042324698,,0.81330667866067,,2.84288037132979,1.69733539316208,2.11705762719881,1.53116253195337,0.599795121578208,,,,,0.412287809792993,,1.229990116005,1.80062930380931,2.47704290672445,1.51447985318742,1.76196358172853,,0.264291766036978,1.30443208326199,1498,4491897.35716,3960489.78728,4541897.35716,3910489.78728,4518122.5,3934797
364,0.685122874478834,,,,,2.72091280159927,,1.16747896731173,1.73829511627027,0.74391140152251,1.72129614903043,2.35109860398526,0.384002824216727,,,1.34695010876994,0.538020704745723,0.498995041251071,1.04648805067263,0.510963288353978,1.32092055425808,,1.45198411855133,,0.518478394170881,0.350857500269055,,0.50598035595018,2.37667423544969,0.795133127317406,2.37886434856168,2.79009526152229,0.825374561376865,0.898858640331685,,1.65409104395741,0.770324408505042,0.345649770951435,2.27031822037489,,0.403471465563423,1.39153087434217,0.382283784349623,1.23779636115101,3.40135389158044,,,0.435210667627628,0.582376546240712,,,1.08060997751052,,0.552242685685288,1.52657208136992,0.296091441355929,,0.318174353800711,,,,1.99079667930526,1.46674188400609,,,1.38457913026851,,,1.36988623824403,,0.870618136351516,0.724674549131047,,0.580181340510037,,0.601296275190083,1.19455351243648,0.516999301735572,1.9724847071993,0.505030750340277,0.360495919933274,1.94596346421727,1.6962927737415,,,1.11821410085606,,,0.935979712782866,3.07270212683746,1.39463445966762,0.412425493698085,,,0.792537424678376,0.415638745071981,1.53994655936245,1.14268474240419,0.231220520737024,0.594805629545817,,3.12548202324739,1.48142109453204,1.92549846447553,1.72046512477902,0.575560777052693,0.646772546937795,,,,0.233100978996233,,1.04774766900426,1.00817000263873,2.27404339043884,1.28152161569949,1.70836687696041,,0.234868488681668,1.76052509353746,674,4491897.35716,3910489.78728,4541897.35716,3860489.78728,4523203,3897310
365,0.416304795736468,,,,,2.02564599459891,,1.08463883158394,1.17310268468524,0.436480696678798,1.86297170770627,1.95876833807863,,,,0.950543622980604,0.378459581779293,0.423245624506241,,,1.29720565991482,,1.60853344719833,,0.586418854055603,0.234338878491864,,,2.39094858703197,0.755627403269947,2.09850117234899,2.16546631415936,0.983829587616387,,,1.46810029538553,0.83335671679393,0.458217133045737,2.02954309311148,,0.343743311570569,1.67895272086303,,1.32183300654565,3.47640434691426,,,0.413336280989331,0.638816009439247,,,0.987017910797521,0.986899869970282,0.552504793656782,1.30668463610418,0.369842718845298,,0.483811088564235,,1.66289946647244,,1.5159286204171,1.51674777675607,,,,,0.356756729373928,1.18915900910715,0.725824828560183,0.654547815326911,,,0.465496872480648,,0.681945941398939,1.09117319716327,,1.97397713399459,0.602349207701565,0.419523793611582,,1.31751022929041,,,1.01932410962298,0.186584246991765,,0.87004954264778,3.17391073703324,1.18827068743668,0.410887084637887,,,0.831195220633135,0.56041388109837,1.43159562262735,0.932946820001176,,0.622807413276514,,2.56203505639939,1.37497008093747,1.83142246188426,1.20983064469798,0.63557327634419,1.22400292775359,,,,0.321415182575448,,1.07447322584974,1.24793694589558,2.2899112718762,1.5506104459116,1.76593224823394,,0.374978325891455,1.32706539485486,1593,4491897.35716,3860489.78728,4541897.35716,3810489.78728,4501364,3856348.5
366,0.0330360531304922,,,,,,0.817335417193823,1.14676060535598,0.828640615507948,,2.29687676348008,1.46966789598321,0.355090963237048,,,1.15429808469123,0.341236724912105,0.292186723012821,,,1.01326984945254,,2.09660591316991,,0.668377728862035,0.379433136008593,1.30666259444566,,2.0107679394402,0.641044051587813,1.55761652294085,1.53438018266584,1.07819749872141,0.885745540511175,,1.07442476058358,0.905904605321121,0.606726937725154,1.54830721095348,,,2.18776606100554,,1.16395678768525,3.6499285169575,,,0.733979160807587,0.695342453316883,0.65408119058774,0.705321117226036,0.800559359919274,0.821276910960144,,1.11727833161402,0.48302583696442,,0.462678296061257,1.26528905699201,1.62919138040362,,1.57073772405784,1.58131521323718,1.02699429688805,0.333404308003482,,,,0.825152757902894,,0.842904610612174,,,,,0.843142811959377,0.821221473778078,0.797747765643833,1.74116166792303,0.75769583470053,0.502045539628324,,1.26830688868117,,,0.937824527482197,0.715891422561341,0.839927126737199,0.947945955720355,3.46392653150845,0.866149942066419,0.348520923903675,0.434842277374416,,1.04050937409941,0.368465246941041,1.82145846263319,0.680346065348595,0.148810967952206,0.470501188427363,,1.8927103788541,1.33674250887299,1.52784442138063,0.788666677480116,0.710280991682413,1.00684692003021,,-0.168380463270016,,0.506278348516191,,1.24514300003593,,2.2652031537251,1.74442310600664,1.34028672539996,,0.513794136732852,,1169,4491897.35716,3810489.78728,4541897.35716,3760489.78728,4524869,3795134.66666667
367,1.18246539249072,,0.647683394566198,,,3.4987567654562,,1.69163512074771,2.56121401847206,0.719285930786742,1.87416920113069,2.23914286921081,0.661044555060782,1.19309453093438,,,0.971122956851795,0.670570801442913,1.40192496874412,,1.78255711984284,,,,,0.331478292553765,,0.579933376282902,2.5324716040481,0.601035183517203,3.17230496418408,3.46735146943995,1.03206707226522,0.99287745325511,,1.91040152793738,0.945303023703372,,2.09325859734835,,0.59816362597316,2.34417359373407,,1.06003500768097,3.57569651981438,,0.93851395496424,,0.614588303572178,,,0.998277000797664,,0.85919940119825,1.41534536621312,,,0.362919756678406,2.18749336716327,2.16629227410306,0.482512243534492,2.75123940069762,,,,1.83070006081256,,,1.28328533572517,,,1.13563662596799,,,,0.857866025420825,1.20384794433272,,2.11960941992504,,0.579973577110893,1.62444626188457,1.77968712152819,,,1.66057066771958,0.226880047330802,0.662388372336636,1.12361451813095,3.12879936100516,1.29315119249516,0.238795915570273,,,,,2.04455877477124,0.977218695343851,,0.605702105091571,,2.98874861291469,1.61501775053153,1.95553777051341,1.46590634446329,,,0.255860633908607,,,,,1.53521848718889,,2.55444667086605,1.53274137232705,2.43918052935417,,0.412275256172718,2.28972390148881,1492.5,4491897.35716,3760489.78728,4541897.35716,3710489.78728,4502953,3736599
368,,,,,,1.60966141733744,0.581015458773947,1.19831088789979,1.4117810515829,0.507626417819072,2.16765709426846,1.19493151329348,0.30424385110868,1.29362944440686,,1.69756213847809,1.06760211935387,0.297104765838124,0.641614302036602,0.296353758035076,0.970377457373239,1.16228766557221,1.63332037454734,,0.664251068699933,0.318793711248055,,0.669133904295229,2.22166684554603,0.64068594496041,1.64757663474979,1.58060863403496,1.17861237121408,0.925475474386056,1.41372659434591,,1.01343508974242,0.590083280919298,1.56092471304873,,0.69372165837483,2.11276960475962,,1.18297802753315,3.61078048177467,0.18734792526817,1.17276527649147,,0.65838482702917,0.797983653738755,,0.994181265747434,0.726423315104922,0.409451318912833,1.09439866427057,,,0.498811845383453,,2.00377858955423,,2.2217126683976,1.51838162530119,,,,,,0.917354720104927,,0.658160275520251,0.388872632297639,,,,0.74477860804585,1.11520215836377,0.693510404596988,1.98400301715504,0.465731266637037,0.529729703218768,,1.02592957779415,,1.64826602334883,1.3198159131651,0.59765958512914,0.702168841905544,1.11599711160342,3.49757542960299,0.984453538184519,0.570460666913918,,,0.952352528106258,0.445092018642799,1.5482619260241,,,0.651600560342412,,2.40820396222425,1.72694643256834,1.72742384176623,1.03189188948234,0.68244476179501,1.17381884469032,,,,0.469437273423271,0.860145525137388,1.40342789049621,,2.61327746696519,1.76998882877992,1.63871983123584,,0.349161404360365,1.37779065137653,1752.66666666667,4491897.35716,3710489.78728,4541897.35716,3660489.78728,4523562.66666667,3689834.33333333
369,1.02772163890265,0.662303823175081,0.720879646506377,,0.787041392891741,3.09583075420068,,1.59725624502889,2.31309173408885,0.595558740243672,1.5642430221995,2.86287133185823,0.599090996245907,1.36276461849141,,,0.912245840683086,0.6158874383717,1.38012778538995,0.727479060376623,1.6752778935623,0.685409157739701,,0.79531865680174,0.448994595453371,0.226234000479051,1.68057280496841,0.823537592873994,2.96229055930388,0.782562506076052,2.98741679832053,3.2664168116514,1.02596811168879,1.01697286227514,1.54058293444793,1.94135667901875,0.87766146430995,0.357380210360567,2.55280080127311,,0.565133490608961,1.25299578687299,0.346015645985129,1.5025900157822,3.46888224956972,,1.17500452607901,0.568454148636317,0.518885925190115,,,1.16608367995718,1.42539851709665,0.882242119993794,1.63716494115538,,,0.339083396890419,2.30468376142677,2.07608228685813,0.679850414237931,2.48335131968568,1.42089272764421,,,1.82343388581175,,,1.64782928186196,0.625514542179438,0.439176337951098,,,,0.227524863866623,0.527036216588833,1.40094873621055,,2.35753468511054,,0.300313815797195,1.66863603591377,1.6146586478613,,1.68685855998793,1.59113868041227,-0.205518732362451,0.664245630658469,1.08042557241714,2.78889379894297,1.62624656346835,0.578283002957808,,1.52894531825068,0.611842602449929,,0.776680191317937,1.18109098911005,,0.708491624006883,0.950966729307582,3.99833305431052,1.65162462667248,2.19097935563997,1.98816696882142,0.624658709976517,,,,,0.153325348331125,1.18147842524962,1.14142223484496,,2.67815965904668,1.37901917877893,2.21360008308213,,,2.02462470842438,1949.875,4491897.35716,3660489.78728,4541897.35716,3610489.78728,4521751.5,3633924.875
370,0.723278772481593,0.72294649004529,1.17597695156133,,,1.63363542955361,,1.7573120694567,2.33461138309857,0.778375794207018,1.8173580142654,2.33475588133364,0.453228730715897,1.63417167388624,,,1.43340918361817,0.370815309661569,0.824409348480984,0.608371183556676,1.1986994546754,,,,0.503002344355684,0.307603247072885,,0.735738830356268,2.50355448194233,0.705689079385913,2.25765140903256,2.43434385395789,1.40856128437803,1.14015574064763,1.70859900250875,,1.03034552889617,0.486895721726111,1.85514631738187,,0.8512765806548,1.54324258764828,0.231962010730356,1.47948538367193,3.38760793519509,,1.71510651974284,0.827838537305245,0.521354247279038,,,1.07575157562185,0.894937214664177,0.758911113519442,1.40884659178228,,,0.251705138832533,1.90823915535473,2.31203234112387,,2.72191487685696,,,,2.00032637730342,,,1.3142280415641,0.629199102970693,0.552198503028092,0.344343248594276,,0.234747808543725,0.272555606500774,0.620067478788096,1.43758928583076,,2.26805480100421,,0.509535265387272,,1.30409413566767,,1.59857860665103,1.48933974704573,0.168121667733534,0.580890700441365,1.12383282515873,3.18211496506103,1.33763926932927,,,1.84973348646555,0.700416442157566,,1.03165516291237,0.836194063366851,,0.686976785378931,1.34055562414173,3.40829093951288,1.89101607970199,1.9937332042085,1.56718944750835,,,,,,,0.903077717848464,1.22893413512746,,2.77987932257362,1.50977577783215,,,,1.53308052337969,2532,4491897.35716,3610489.78728,4541897.35716,3560489.78728,4535900,3607600
388,,,,,,,0.763258471875791,,,,1.99821556341354,,,,,,,,,,,,1.81004502946247,,,,,,1.57230471809068,0.597719834562042,0.979222635486077,,1.24136573548893,0.64106828931465,,,0.951805827486388,0.481043086254533,,,,1.76996438856047,0.173138688613555,1.18481141795562,2.94813774184687,1.72269390589475,,0.679007251633419,,0.520973373618228,,0.745348960713661,,,0.935409674505012,0.442592542746937,,,,,,,,,,,,,0.763868730651414,,0.87214911493687,,,,,0.65218688645547,0.730617529196211,,1.42137116512318,0.804088211589628,,,,0.608204241518372,,,,0.915431307134028,1.17183862024073,3.7914693538583,,,,,0.925352045208108,0.491005341359709,1.61917263608956,0.641575800298079,0.181042991375659,,,,1.0720817151296,1.74464048897384,,0.602719782649453,0.853764515219418,0.345171971863736,0.563894906882199,,0.540915829456463,-0.0562735819869829,1.11370556357241,1.66258231186816,1.64831135486061,1.58182239259227,1.47578801183638,,,,1563.5,4541897.35716,4560489.78728,4591897.35716,4510489.78728,4579713.5,4521714.5
389,,,,,,,,,,,1.90008446154273,,,,,1.61152045432314,,,,,0.320621469013798,1.22309101136111,1.61613394131498,,0.269333038652472,,,,0.475056427768623,0.223574628662127,0.470388641659867,0.537327513670078,1.22006401966802,,,,0.385798116365717,,0.902885763085859,,,1.08303532667405,0.2078502201773,0.97647877630327,2.55624888485416,,,0.869757714434814,0.0817550013091623,,0.59654142516869,,,,,,,,0.220823660162188,1.56680912323493,,,1.07236172893182,,,,,,,,,0.482307506128196,,,,,0.713542197175388,,0.993985211441819,0.524424374479985,,,,,,,0.853984194765517,0.211369153916882,,3.21675245228092,,,,,0.677964404622201,0.267843121943954,1.06876024474734,0.552063897380927,,,,0.541978224504226,0.406736842479809,0.849469017221611,,,0.775451574627872,0.0272148434401618,,,0.357855918801842,,,1.08828992572102,0.988020453485174,0.854066227540185,0.963558557783688,,0.255321254141748,,960,4541897.35716,4510489.78728,4591897.35716,4460489.78728,4549977,4463921
391,,,,0.547168155191797,,,,,,,2.19312322138703,,,,0.153392400357417,,0.812233334216646,,,,,,1.92433470086512,,,,,,1.17913976172561,0.530998496162884,0.994065318202102,,1.22461228608711,0.958998752402145,,,0.816761178976353,,,,,1.61059970893732,0.259263850385572,1.05527713156932,2.98943856099299,1.44775827539506,,0.692827332057335,,0.827503618030438,0.663242758667267,,,,,,,,,1.69962255205587,,,1.56294605767602,,,,,,0.745968153227621,,1.04093584748193,,,,,,,0.66019810227873,1.25858224327029,0.747168190202506,,,,,,,1.14650278056476,0.642611164494748,,3.53927557867873,,,,,0.82838279800165,0.342978041393703,1.41294190447302,0.72478447607046,,,,,1.03265806190556,1.13749792781063,,,0.773395509738889,0.281932709512509,0.948022691542468,,0.466060999020609,,,1.22846939829145,1.49532013997095,1.32754543115467,,,0.497835137900555,,915,4541897.35716,4410489.78728,4591897.35716,4360489.78728,4582847,4366748
392,,,,,,,,0.371784396950686,,,2.27693189338508,,,,0.17118322828931,0.628244391933057,,0.269180320343503,,,,1.41611042577932,2.07535459484445,,,,,,,0.483527234737896,0.900520707310331,,1.09337535731355,,,,0.764657033619915,,,,0.51964912030811,1.73175348300737,0.211152945869449,0.940679402504863,3.10414712730741,1.35589036694508,,0.527341089540941,0.415540849999883,0.663372646292657,,0.664131533412806,,,1.19887955988155,0.149257507640563,,0.401709439946884,,,,,1.70034991158983,,,,,,0.624259851195341,1.05531265925241,1.03464797127774,,,,,,,0.687603712663675,1.02429520714405,0.778966864478506,,,,,,,1.16906920377872,,,3.50827748162218,,,,,,0.390350180093498,1.39280264487719,0.712143521302268,,0.162074666108258,,,,1.05590615205447,,0.588706331435157,0.848242072749243,0.316803495530638,0.534416787248946,0.620700550790597,0.516667394390194,,0.814788598287939,1.34097515316908,1.16680762133352,1.44284787004234,,,0.50505117405904,,890,4541897.35716,4360489.78728,4591897.35716,4310489.78728,4563423,4313127
394,,,,0.532514220563136,,,0.891685155518671,1.09739530556325,,,2.05161581119355,1.9706719589477,,,0.251926204630901,1.15579642988228,0.882351477407212,,,,0.926629374733053,,1.86577669885641,,0.481087094869393,,1.84622034832145,0.469707036470624,1.55194949276596,0.569851450740439,1.76013241668203,2.17103140318324,1.01750990171666,,,,0.778350491116551,0.40926636338103,1.81200409525914,,,1.53662940810851,0.315689713044928,1.16621661541058,3.22972835481679,0.336146172795425,,0.518254062431359,,0.580295511677413,0.672641885768901,0.745900687282777,0.169105706951631,0.179173390279359,1.3033516872503,0.22713516008009,,,,1.94365184642212,,1.86051401072125,1.76632950721554,0.713770629001774,,,,,0.91593051679067,0.897727561920954,1.06138949151478,0.893107858385704,,0.290377610103562,,,1.11762626957364,0.600199963723332,1.51465721629089,,,1.74688013335518,1.45667336045773,,,,0.896053790128091,0.483284073431605,0.788430661557683,3.37763800935276,1.20925462496288,,,,0.836448508089022,0.424070935590663,1.45488360899231,0.971191752002973,0.164221638212907,0.490196694164614,,2.42503233052415,1.04321157812434,1.43385183897064,1.50281133127081,0.588619575051913,0.799310186993758,0.342513971853564,0.567621620547533,0.703042304861931,0.379549629967259,,0.720823021095375,1.23970449126386,1.62508661870418,1.34303122044584,1.67434937235869,,0.538759777170314,1.10579905751965,848.5,4541897.35716,4260489.78728,4591897.35716,4210489.78728,4560187,4212821.5
397,,,0.907300246266201,0.596036919849352,,,0.723970285650951,0.84503468918994,,,2.22004729215583,1.1537674366003,,,,1.19460610104356,0.512109893517761,,,,,,1.76287865434773,,0.433631104765169,,,,1.42246894687817,0.359681982723737,1.31046314835201,1.42637020068508,1.12883457930604,,,,0.791950808071005,0.465242666430438,,,0.50502194457955,1.79230663848221,,1.09620341086626,3.27943721948575,,,0.550089541816086,0.319757115610295,0.868309952860617,0.666519672289383,0.711791349638329,,-0.108936324574442,0.996174250801373,0.164486525710861,,0.024518627372343,,1.68968152932842,,,1.36247586711199,0.868058540741445,,,,0.502121681567352,0.749749618411369,,0.997835685533836,-0.0185595720219237,,,,,0.897621635955632,0.631921489233317,1.51016333332792,,,,,,,,,,,3.51520728273095,0.754962428926086,0.194479644168882,,,0.933492169841394,0.299465792526313,1.53874089454185,0.64403792578841,,,0.935381622421842,1.82558062354591,1.2800305901457,1.33766259436402,1.11835990088057,0.576097916723505,0.858528054067157,0.0713279609203945,,,0.478713629367699,,0.9329617100943,1.23555766756344,1.92237003655537,1.4157838777874,1.02911874561751,,0.349934065416354,0.880989267613414,768.5,4541897.35716,4110489.78728,4591897.35716,4060489.78728,4573021,4065740
398,,0.524636708167465,,,0.715839629177255,,,,,,2.29158743112179,1.39493672586915,0.175117800986253,,,1.32350552172941,,0.235098012948476,,,0.878331135194274,,1.91529445084168,,0.613599324365446,,,,1.83086831419572,0.572102409166892,1.58455496005915,1.54279153588827,1.00215732602812,,,1.49491740190689,0.945957527683252,0.531899436022651,1.58913815534367,,0.563254227364305,2.13318551746922,,1.07205007605531,3.55912735556578,,,,0.629380448041742,0.689725987391583,0.637173374394824,0.755193899230199,,0.63986869482331,1.05553882585,,,,,1.45675240286882,,1.31019874840118,1.58681418694162,0.98257113690884,,,,0.386591813007225,0.754704695930743,0.753502489794424,0.943511930204348,,,,0.177008670949422,0.770685667649244,0.941560729664741,0.657005951222516,1.67769103434609,0.754596303314226,0.523886131710056,,1.08069122110944,,,,0.961898199631409,0.649467850538608,1.13032675572556,3.71018360897443,0.924296501013172,0.499281135015257,0.512332143012832,,1.0618751566479,0.376697290607035,1.82693511433937,0.626070886820472,0.145472883667545,0.595887453818999,0.878193140524993,2.03214686792976,1.53301735656767,1.63751787784924,1.21728413486783,0.681085749394292,0.759402528768458,0.293201861019366,0.182488284001655,,0.530767848418939,,1.3028497902432,1.35354050571566,2.23475789254988,1.69372664019377,1.18133238080352,,0.450994561484604,0.783703856223882,738.5,4541897.35716,4060489.78728,4591897.35716,4010489.78728,4575087,4041876.5
399,,,,,0.558993069392068,,0.817324039601462,,,,2.50883540637393,,,,,0.622499286551703,,0.207867629203071,,,0.723502956877863,,2.19364187719908,,0.68966755896176,,,,1.7599798098358,0.596285714155968,1.09856854230564,,0.947654392216848,,,,0.872903249472554,0.655917100320473,1.3893449415098,,,2.39896416812883,,1.02925397576901,3.73285911118356,,,0.404955699290256,0.731253405059362,,,0.652549447843103,,,0.99775971423009,0.18514962031259,,0.465458354666431,,1.34227385140817,,,1.64092175690013,1.15876862076728,0.23058776992214,,,,0.628002483325151,,0.993698047775491,,,,,0.884393563550119,0.696597052081048,0.839717301637978,1.57260101325697,0.828030413811129,0.539310389415208,,,,,,1.01722196679762,0.732288642991279,,3.67200126267097,,0.226415919875599,,,1.1358994556003,,2.08863242513409,,0.161899616613111,0.415998108360056,,,1.27136833372844,1.38046803219776,,0.746980151380575,0.892962760857435,0.309930671079777,,,0.608874758213903,,1.28268540195195,1.20444106428816,2.14358778398037,1.81597866332289,,,0.545834496164145,,713,4541897.35716,4010489.78728,4591897.35716,3960489.78728,4591525,3991153
400,,,,,0.730622232980295,2.95034278601991,0.670515118551929,1.44749499788485,,0.691331723797537,1.53782754225628,,,,,1.49729917590244,,0.579755795649455,1.14329733725357,0.651880654487723,1.70689381530919,,1.16853377169941,,,0.123667953393749,1.44851646391189,0.658225684928098,2.82638434476183,0.848939255542079,2.79020224098187,2.97382750950986,,1.02719848179388,,,0.777548515567302,,2.47996032488678,,0.625676167178351,1.1312267898156,0.369945606437949,1.61616432521929,3.36046739113692,-0.378121788225031,,0.542517082372646,0.552889144797007,,,1.13213194405484,,,,0.54047360664221,,,1.98372312453942,,,,1.35458353903101,,0.365493957080457,,,0.449843590733956,1.59104187784003,0.572325469886938,,,,0.576113770062969,,0.612798736225834,1.29024858287674,,2.26077562839281,0.391803239685958,0.285202571305262,,,,,1.33072549882113,,,,2.74065700622585,1.58878464307973,0.597396504556473,,,0.486686095737799,0.623003453712182,0.87901028154668,1.10992223926799,,0.617967702548025,,3.50862744609174,1.33937688819547,,,0.602210327500847,1.06436094957907,,,,0.130023654878751,,0.773116350293374,1.213727074475,2.32691108099268,1.37430445653547,2.29801423182034,,0.289818327133623,1.97111262010612,2400,4541897.35716,3960489.78728,4591897.35716,3910489.78728,4549100,3920200
401,,,,0.458578728034051,,1.91703781116271,0.712211572072953,1.27770330586493,1.65823917945323,0.593816199258412,1.70611211034496,,,,,1.35001544026804,0.984286531536672,0.434439106592904,,,1.48378894409612,,,,,,,,2.4881563628167,0.792711502378369,2.22725850948675,2.16165029923227,1.15384740728007,0.891286085002545,,,0.858492436521921,0.485942791624401,2.04616122074669,,,1.46303004224008,,1.50568778216745,3.31045741415274,,,0.585178175549257,,0.637738012027631,,0.930992208953585,,,1.30887407553952,,,,,1.83229159283425,,2.13230773633983,,,,,,,1.27737144347984,,,0.833984293858627,,,,0.676800701693308,1.16508220680646,,2.05580178281434,,,,,,,,0.41697191828467,0.88619991655263,0.755058406005747,3.04736624329523,1.29884621236608,0.545968923359788,0.877020393267297,,0.718668969409764,0.682476534061816,,0.883819921951763,,0.595123474142449,,2.66226828060986,1.27432052053847,1.87586196146551,,0.529686784767868,,,-0.149009502088519,,0.252093892495046,,0.800211420740929,1.48263754992701,2.20737706291868,1.52110081567429,2.00392671172067,,,1.37311245691477,2167,4541897.35716,3910489.78728,4591897.35716,3860489.78728,4563200,3861900
402,,,,,0.573419162087446,,,,0.500724087458069,0.361491920723076,2.35422869357061,1.02967637435554,,,,1.04428819576413,,0.174111887106151,,,0.643761354229201,,2.0694790592501,,0.738702690473052,,,,1.69970618081046,,1.11353984567602,1.06456477053148,0.95534687265727,,,,0.751035094320833,0.594402992600415,1.36188752424013,,,2.23597516451193,,1.03993026376658,3.63263717985502,,,,0.66407284835592,,,0.677704280432029,,,0.977956885585641,,,0.430778614387499,,1.45166993155565,,,1.44333703572393,,,,,,0.703267352106577,,,,,,,0.860537134914805,0.796916803939398,0.783156143758729,1.62597292687224,0.762722761641436,0.539613289485876,,,,,,,,1.00210479870512,3.57267762587335,0.694972079874519,,0.278331723305678,,1.0717415473748,0.360532066377709,2.03363110168758,,,,,1.34175560675713,1.27502264811749,1.42019913382925,0.704325195499814,0.657739756667712,,,,,0.530881293540107,,1.22737865413352,,2.14926856512897,1.6829859908151,,,0.477563212929919,0.676742640683528,637,4541897.35716,3860489.78728,4591897.35716,3810489.78728,4582531,3814032
403,,,,0.317731130202282,,,,0.74040674959443,0.461770602943548,,2.47811323033462,,,,,1.02453921025134,,,,,0.76827617593677,,2.07853270694956,,0.706082187986761,,,,1.78475750432488,0.587832421881728,1.09249450571961,,0.996899143365937,0.82329695911959,,1.13957192787313,0.97087221234011,0.680352553734867,1.35213588752857,,,2.38922492875866,,1.05014054644023,3.74161780651284,,,,0.738919355992073,0.661724180576724,,0.71645314245518,,,1.03003290388663,,,,,1.5200303787573,,,1.60514693832046,,0.152713700242523,,,,0.673496287818187,,0.974175052740538,,,,,0.851930053046728,0.783744394118784,0.827424861463916,1.66096066695236,,0.556422085499278,,,,,,,0.665606709711687,1.06047796973086,3.65900258085601,,0.225260220342421,,,1.11836479328915,,2.10738341861511,0.600276848065078,,,,1.37340062214406,1.424047273965,1.43311211666993,0.796735671449905,0.716198025565733,0.883860842630539,,,,0.575099376377596,,1.35822300363855,,2.29742582534625,1.78477682992705,,,,0.619608557445093,613,4541897.35716,3810489.78728,4591897.35716,3760489.78728,4586570,3766243
404,,,,,,,,,,,2.29749538123067,,,,,1.17627170929338,,,,,1.01842285101136,,,,0.61957285395978,,,,2.06070474610581,,1.29596334822647,0.892018648214021,1.32727183737614,0.881264320143727,,,0.923697597316861,0.709412402681711,1.34302114526789,,0.558500513536102,2.17641377355507,,1.40580304584585,3.59680879663233,,,,0.681880076780773,,,0.721678421754272,,,,,,,,1.72619402496615,,1.64661739931053,1.70133129572191,,,,,,0.791830676074143,,0.730190057290216,,,,,0.810336909616842,0.916637337797544,,1.88439762647859,,0.533827618058255,,0.850841794836391,,,,0.810331216785485,,0.941805030987181,3.49863699350608,0.718993552645802,,,,0.983492577116224,0.481454971749168,1.43111582619393,,,0.487849368822192,,1.57472885425846,1.30005830631349,1.52380827776089,0.42121396733243,0.630236418254017,1.41244776946677,,,,,,1.10800478378705,,2.29810474208395,1.863891005525,,,0.543099048871141,,2440,4541897.35716,3760489.78728,4591897.35716,3710489.78728,4571700,3723000
406,0.6829896695706,,0.658653920791303,,0.741751508699685,2.16264699939575,,1.41579340755767,1.45162893596938,0.7541358023668,1.68792101585017,2.43137983988487,0.509734951900469,,,,0.994551526885179,0.501863061665843,1.10435997659693,0.548844525826854,1.32761462291503,,1.48843536852969,,0.617951708728509,0.416730293577375,1.94069293819394,0.648758985917771,2.55366621602568,0.720158791351027,2.36431825494299,2.33792465495179,0.994174464357928,0.902335111792144,1.05897467802068,1.72060634295576,0.99586065276657,0.409987739932478,2.14285267881328,,0.361387126353385,1.78448173257178,0.367554184788106,1.24986560769557,3.38044570732288,,0.969540302658938,0.133040433378473,0.657041109470911,,,0.961356265074066,,0.843384449297745,1.32229937241522,0.515573754638081,,0.452861431369045,1.8260878701599,1.90502420082586,,,1.3978422764016,,0.339683365967126,1.57091509588379,0.567332995681726,0.659873879830189,1.41274772362194,0.802269291093282,0.441548791816344,0.822664104871015,,0.58535654954716,,0.772628776139152,1.31109564807881,,2.09216392803439,,0.465014808265104,2.06010031452065,1.43557714001929,,1.71330409520177,1.41859428966272,0.116167992636688,0.763842149052128,1.15954484420374,3.20884855361084,1.33622984610478,0.56349836061406,,,0.894609706252209,,1.26302510653241,0.976329476548738,0.149030151554797,0.838518647124248,,3.06700512816291,1.73059153916624,2.10256913202254,1.58287120280569,0.630709130550507,,,,,0.523497455525749,,1.42410629383051,,2.59692319924224,1.62208595721272,1.82656099341628,,0.296964138199418,1.4520932075053,1539,4541897.35716,3660489.78728,4591897.35716,3610489.78728,4579254.75,3626697.5
425,,,,,,,,,,,2.04761268042029,,,,,,,,0.173180780415207,,1.11199035707185,,1.99401771751596,,,,,,1.62095572948402,0.501070703378064,1.17020296388749,1.11754495677346,,,,,0.768116047672852,,,,,1.57461871946186,,1.49013342630587,2.98962424805939,,,,0.439336696190545,,,0.748776508242391,,,,,,,,1.78932405807591,,,,,,,,,,,,,,,,,0.770662778174116,,1.47366141953815,,,,0.831397639459751,,,,1.14069672912497,0.830711009912204,,3.34894745833167,0.960197386833276,,,,0.81450241240288,0.609067911055652,,,,0.234281815951574,,,,1.19138714223047,,,,,,,,,,1.60642775939767,1.23524994714486,1.52393595142847,1.57810333494785,,,,2140,4591897.35716,4560489.78728,4641897.35716,4510489.78728,4594400,4540500
431,,,,0.404660387942647,,,,,,,2.38026940105377,0.910055709672121,,,,,,,,,0.64067651656522,,2.21072523735109,,0.536157257174979,,,,1.47324307629444,,0.946793294482464,1.07797461292559,0.986092630850228,,,,0.841158187949471,0.58052168186569,1.28646609330513,,,2.07514792482586,,1.1456539107956,3.54298846765454,,,,0.570003849206456,0.606907465791792,0.672640545168335,0.523420939193369,,0.0181023690421625,0.893123302192802,,,,,1.46957214272497,,,1.64162696018909,1.02649232452811,,,,,0.645860138224543,,1.09352853431485,-0.0189120433651965,,,,0.718567990783253,0.742003574078251,0.771267431256488,1.49493981610605,0.823494531078194,,,,,,,1.14904489657714,0.898159021841341,0.794825779445824,3.63776904378951,0.612462930879834,,,,1.01785995256423,,1.83131632571809,,,0.423196059216681,,0.890605129739804,1.01600208878169,1.32629162128063,0.558679007970202,0.568009927891855,0.853981693175043,0.242095506956422,,,0.53127441942448,,0.886267332114363,1.32319282534449,1.72398326131252,1.64029345690097,1.09577732596214,,0.473022246429247,,854,4591897.35716,4260489.78728,4641897.35716,4210489.78728,4593720,4243639
432,,,,0.299373724837194,,,,,0.350935863387195,,2.40876614345383,0.878164091780997,,,,,,,,,0.793851385312591,,2.19757786308996,0.508484597007455,,,,,1.76005126258031,,1.12221951800258,,0.942991512469306,,,,1.03370254786531,0.608907414326451,1.393714527838,,,2.30257587677797,0.131738393102689,1.11065015143088,3.67832867119614,,,,0.711021030972163,,,0.703691904765088,,0.257386601030714,,,,0.484322190399676,,,,,1.6193872359856,,,,,,,,0.977945952310909,,,,,0.846174959719619,0.829483092253154,0.767959197898368,1.62894729273067,,0.559992109304415,,,,,,,0.916616228478493,0.965693533393887,3.7737982368394,,,,,1.11614776479435,0.428256359464008,1.99892535349162,0.59892056745202,0.187712628345703,0.566776308874257,,,1.31773725052655,1.53040368448081,,0.688746186041601,0.738373064362652,,,,0.575093764879843,,1.20576024628336,1.36344352072208,2.07649092686765,1.80579876601525,1.07235670012393,,0.497216133393225,,829,4591897.35716,4210489.78728,4641897.35716,4160489.78728,4600330,4168131
434,0.731459783642257,,,0.547211380818936,0.694236816790629,2.57385905004693,,1.23782683787591,1.89547838485401,0.937655157735495,2.10335842802096,1.76786924084564,0.23389012561094,,,1.24556315002311,1.13499473646298,0.320433756714577,,,1.27829124184671,,1.7810639157682,0.557692586600241,0.565002588091044,0.234962970726075,,0.602966512447285,2.17247497818541,0.682005169109112,1.69349646151715,2.04595241090982,1.19808132207243,1.01815728974698,,1.16625370783789,0.88892351884993,0.589453438775859,1.68853201020232,,,1.84264254473565,0.248955390963263,1.43256535308667,3.52710431179664,,,0.487876684424991,0.676464130049764,,0.293496944194388,0.813577132860605,,0.620607817082689,1.11881450281721,0.36787942328503,,0.473845018317699,1.09148683135112,1.94428442003527,,1.60804852928131,1.6477597614318,0.729554765300112,,,,,1.10739889982234,,0.75423395529583,0.505150303082901,,0.52960883846556,,0.645442629665517,1.04473457082404,0.468705760440951,1.92481798467696,0.850284918738817,0.411328332372638,,,,,1.21307804432465,1.03031941372559,0.832197237033592,0.92607732879135,3.3335980089484,1.19256213625458,0.500432986609238,,,0.821988829157036,0.627152006450165,1.45340187335687,0.996811817770378,0.168473414983703,0.554729838160815,0.886397988397746,2.181200057274,1.24162185457394,1.64484553633613,1.39314271376766,0.618437666600719,1.09807488565204,0.289343040164679,,,0.404614965812975,,0.917562554233017,1.48465845359617,2.15524171328033,1.68942816156534,1.53141395888038,,0.376268308591707,1.73752051485615,2137.2,4591897.35716,4110489.78728,4641897.35716,4060489.78728,4628173,4094944.2
435,0.853649517922297,0.86536540437482,1.37748484512343,0.481623923895646,0.783663370558084,2.64273083119677,,1.39416360174596,2.26926347360999,1.17332270523735,1.84788514473205,2.59513965411431,0.407755313724603,,,1.36526735172003,0.859401825244253,0.459135459327102,1.1811264361614,0.716321472309091,1.47689453168604,,1.37048650952382,,0.45232243997036,0.348551025274427,2.01746081399486,0.55934910128719,2.46802898688209,0.680951047704918,2.45643129554864,2.82128157129131,1.05092814387808,0.938564114918944,,1.76169839474922,0.824443563045981,0.445150880401573,2.26162460039678,,0.601699267464308,1.24525037552435,0.369536978963247,1.40180924741487,3.39485575495832,,0.732127142888596,0.445451262368694,0.540449371091585,,,0.974505277013563,,0.65087379874414,1.6497076355167,0.427666623233627,,0.250663099104746,1.64324792016949,2.06780142923868,,2.69921044850361,1.33685812657446,,0.447698224798162,1.57647996647857,,,1.44589209505989,1.04429022996581,0.642789959760362,0.877699140013419,,0.468323782320457,0.17383672027072,,1.24653325229669,0.491704678013004,2.09995575594457,0.685927246652099,0.251153793040539,,1.69995934205975,,1.12687197792425,1.27219216382782,0.214041351875472,,0.91826869839017,2.94421131649276,1.45383880004737,0.341930292639746,,1.30060317906472,0.761727578516925,0.364510642073871,1.24893268558312,1.01999711106914,,0.56590640885714,0.673056202990158,3.27267960304216,1.40572410302863,1.91066380952593,1.66607643099521,0.569822572553696,1.32831805661337,,,,0.419311221250216,,0.825803699755729,1.05409514098822,2.26703408610276,1.32180986222233,1.97039630133786,,0.523789071023254,2.02793734360201,1631,4591897.35716,4060489.78728,4641897.35716,4010489.78728,4620750.5,4024402
436,,0.460755077790936,0.450240497372405,,,1.67731207971733,,1.2288028845266,1.37253930220466,,2.03972989043664,1.98436687172831,,,,1.27687283462504,0.976439123044313,,,,1.32044349984701,,,,,,1.23118392279348,0.654244076651182,2.48936860727106,0.691264529615255,2.05886843104103,2.05267675282361,1.23814626464269,0.970979860494769,,,0.903615179292528,0.565064636411031,1.94768001738078,,0.541197056445949,1.70956417014624,,1.44241734360637,3.61239161588686,,,0.698196578702001,0.637261662926907,,,0.894276418375987,,0.57547954722231,1.25398783064126,0.515579520325921,,0.435536492230079,,1.96304042737808,,2.09369974888917,,,0.429126616609939,,,,1.18020343617797,,,,,0.386134911113752,,,1.07812745197569,,2.08152074106868,,,,1.25882145979674,,,1.09112124771564,,,0.958013646330385,3.11903542840804,1.11917777898445,0.421323478525317,,,0.736561341095048,0.548427269142269,,0.791998611805209,,0.5115765219288,,2.53202398450713,1.31901458470065,1.75610729419546,1.06688749694251,0.598611926221979,1.19737666611396,,,,0.365590502533511,,0.857659672510855,1.44617209823532,2.34616038692068,1.67454266990187,1.63649685811311,,,1.31708541613522,2184,4591897.35716,4010489.78728,4641897.35716,3960489.78728,4626400,4005900
437,,,,,,,,0.805485799031226,,,2.30572574046555,,,,,,,0.334851603040743,,0.0938264813561297,0.854533648717786,,1.81363962493245,,0.641808085279048,,,0.592775110501651,1.94153101154247,0.611273328063409,1.42426079484211,1.43265916023604,0.947507612945116,,0.109971909826053,,0.916063052291521,0.532017969818343,1.57684923966741,,,2.17840124813618,,0.979504377662722,3.6031772373067,,,,0.667104532556296,,,0.818121593694975,,,,0.190715173734112,,0.473437559230993,,,,,1.49047527735106,1.01462647924722,0.282534149677565,,,,0.744825401274927,,,,,0.316559049042418,,0.834311617942647,0.856189754188128,0.66667359755751,1.6449881431781,0.71566663942048,0.497853179719971,,,,,,,,1.08428963668949,3.64840858593759,,0.28982039191084,,,1.09074254313697,0.408852209094423,1.83238228071025,,0.147809517631535,0.576661605923567,,1.61098723384993,1.54445170879398,1.61001742563958,1.04697559329802,0.719518960116893,,,,,0.565965041268482,,1.40131313154071,1.2322665231304,2.29228277045036,1.72283676224963,0.98420792484142,,0.461239833753094,,693,4591897.35716,3960489.78728,4641897.35716,3910489.78728,4621952,3917508
439,,,0.584343377283115,0.437777979088295,0.551908824300011,1.489281996716,,0.960240737896045,,,2.11291689515371,1.52002766953068,,,0.260047554415502,1.13946663266677,0.805155825000086,0.40911595563712,,,1.30764167373878,,1.80445929266245,,0.670625260365983,,,,1.97297890461917,0.636234921436978,1.49636336835565,1.97695128546785,1.10587833467869,,,,0.82466378392387,0.549755215132763,1.59177547602426,,0.646045649039549,1.89016727009721,,1.25485553201404,3.45502355615739,,,0.415263294764894,0.594266303033543,0.637894671311391,,0.90294544130591,,,1.30206164291638,0.500595022248398,,0.400147066677753,1.52247419664903,1.69360191910615,,1.73539103484676,1.48459432675881,1.04278156523864,,,,0.673788132986962,0.929946190537275,,0.970833559040258,0.498938862760316,,0.433794496108774,0.232648028348981,0.745090587452861,0.904751864796099,0.542184770055617,1.75479716289911,,0.496704353568035,1.09415671822547,1.19695132499736,,,,,0.588736222504729,,3.33343731831558,0.883104351748316,0.352451119731466,,0.896900900169753,0.894520583455741,0.62289045798573,1.97219937682692,0.802444212656099,,0.479272425113633,0.556834229036885,1.80997790750604,1.24697785386211,1.54549763236756,0.911276999302563,0.602065968460025,,,,,0.420909709919546,,1.03916071015189,1.29320667577288,2.11196684651146,1.60424130270969,1.34998479313006,,0.490959074381168,1.32093415926851,1451.5,4591897.35716,3860489.78728,4641897.35716,3810489.78728,4606603,3833687.5
440,,,0.767216178859233,0.544242378099771,0.588221057545836,1.13170810972982,0.692620777899789,1.28551505745878,1.52180486485957,,2.16528157683577,1.84108558735792,0.230869445919837,,,1.3222773578696,1.13802359212071,,,,1.07659955201413,,1.79238205380909,,0.490278717027014,,1.24879800632057,,2.13369897241436,0.635415875049743,1.51457448342057,1.40560391750372,1.31178339271227,,,1.52279243821858,0.901775879797712,0.680910058375742,1.48816249825934,,0.675038824373339,2.01222658544584,,1.4569328551559,3.54267111803383,,,0.757896939088948,0.712882291924943,,,0.819449905277568,,0.394233640216002,1.21239863450636,0.472484472662172,,,0.935236344603621,1.88746479796861,,2.18038937866289,1.59511362175965,,,,,0.732884129931155,0.94103441715656,,,,,,,0.767577279676041,1.11572858078847,0.496370213128945,1.93028349096723,0.711838691940273,0.496263440098029,,1.13797944933449,,1.5629712734854,,0.638215768904843,,0.832316657761013,3.34201264614082,0.892759167292717,0.414898833279501,,1.16330565184734,0.91255601456462,0.52150182491905,1.41574189833338,0.726224664128775,,0.545985352642373,,1.76769778804929,1.27736126706745,1.55119089595294,0.940134328384575,0.566995597971432,1.31685105476223,0.278434501648899,,,0.376446161176907,,1.03342043677237,1.45241091789721,2.27172758277431,1.76179863046704,1.36270102870142,,0.622773342413492,1.10293287485985,2324.5,4591897.35716,3810489.78728,4641897.35716,3760489.78728,4627500,3791100
441,,,,,,,,,0.658096357282668,,2.44654451966125,,,,,1.04844141656177,0.978186244999738,0.182794639928169,,,,1.4194112957765,1.96673673973878,,0.697978780716002,,,0.570427279071523,2.0863489252432,,1.29260696323394,1.09465221275783,1.31081940437005,0.963075611619302,,,0.93233470126723,0.777129293533355,1.38453732810638,,,2.28282232084811,,,3.75296200708016,1.28035505448834,,,0.719970994765609,,,0.712836497920716,,,,,,,,1.83248360613097,,,1.48040828614754,,,,,,,,,,,,,0.847820279339427,,0.60754640720102,1.87355098433634,0.786998704497979,,,,,,,,,0.987319461637823,3.42113767586694,,0.29710756061285,,,0.994810359761613,0.530422067146734,1.52965723175272,,,0.366300751391412,,1.65771817271522,1.22729805222566,,,0.735694332497777,1.47306833635603,,,,,,1.08250081964411,,2.29879965717911,1.91784520848875,,,0.650539230769765,0.680302022698134,2354,4591897.35716,3760489.78728,4641897.35716,3710489.78728,4626000,3752500
452,,,,,,,,,,3.28822460349938,,,,,,,,,,,,2.02081949265104,,,,,,,,0.426638099959652,,,1.32463918904701,,,1.60465450255669,,,,,,,,,,,,,,,,,,,,,0.813576222135742,,,0.365682807996718,,,,,,,,,,,,,,1.88130532069012,,,,,,,,,,,,,,,,,,,1.88040837755949,,,,,,,,,,,,,,,,,,,,,,,,,1.23014630906122,,,1257,4641897.35716,5060489.78728,4691897.35716,5010489.78728,4674646,5048228
454,,,,,,,,,,2.01957140204769,,,,,,,,,,,,1.93232449148572,,,,,,,,0.438848860386097,0.834349548843278,,1.24481721160006,,,,,,,,,,0.218211525412582,,2.07903234387472,1.91721416801657,,,,,0.479262279991027,,,,,,0.616609371062029,,,,,,1.59982107003944,,,,0.925131386289478,,,,,,0.548506649572824,1.09055861928972,,,,,,,,,,,,,1.41182689180672,,,3.64803967440944,,,1.1842191288078,,,,,0.841285829180065,,,,,,,,,,,0.944430235234548,0.554958559889764,,0.184983359935862,,1.51939594597675,,1.12499427755413,,0.94722118142992,0.581037955906697,,1217,4641897.35716,4960489.78728,4691897.35716,4910489.78728,4683725,4949553
461,,,,,,,,,,1.26658003414993,2.13855743012008,,,,0.220550996114954,,0.980095036528928,,,,,1.64252838780549,2.07137989008171,,,,,,,0.457168469766464,1.02325682189485,,1.17012152597242,0.963784042910872,,,0.805293370645662,,,,0.836844002379718,1.56654023427021,0.279878918448565,1.10520705926307,2.91703615531308,2.10781653142545,,0.634810471769458,,,,0.663860361900864,,,,0.172533444001012,0.720809869724766,,,,,,1.83646469227151,1.04456635318206,,,,,,1.18912699657076,,0.712256828516402,0.637728351063062,,0.190364530258835,0.393840645451132,,,1.15544373787504,0.747210938245636,,,,0.68140120742834,,,1.34841078589044,0.947437756242435,,3.65020141675429,,,,,,0.502210662547191,1.33028206975082,0.777847988673752,,,,,,1.17273211784356,,0.47325077537482,0.699634042187353,,0.916221885602969,0.675198868139138,0.464641526434805,,0.537627464180808,1.37873978038236,1.13070765135123,1.36919847450935,1.2474080105496,,0.501438163726158,,1021.5,4641897.35716,4610489.78728,4691897.35716,4560489.78728,4678214,4586401
463,,,,0.644124189680719,,2.06387506375216,,1.25158496943886,,,1.62382384573912,2.3482195953725,,1.2739557061705,,1.3069988524038,1.20685994196824,,,,1.58995730650824,,1.49934846372008,0.677134279860989,,,1.23647529017953,,2.19171014977745,,2.21331499775137,2.38280313725671,,,,1.60393506482172,,0.397827977145776,2.10097993224516,,,0.909167678222439,,1.6096873154116,2.98582533002351,,,,,,,1.01143628442514,,0.400780437807436,1.48778408808389,,,,,2.05092254667274,,2.72516817433086,1.71919642204443,,,,,,1.37771644261975,0.832104237926399,,1.43194884242337,,,,,1.08638060805046,,1.84713873960481,,,,1.20405316804844,,,,0.601583260690218,0.797221198842007,0.650751183949875,2.93047755412237,1.48550551262839,,,,0.538707754908406,0.711679865404804,0.653384015741275,1.01940980423299,,0.423650237942681,0.889218248236851,,0.849710512015855,1.64258763971622,,0.438595836733924,,,,,,,,1.43633729385855,1.54034639237616,1.26946216654302,2.25410129139708,,,,2412,4641897.35716,4510489.78728,4691897.35716,4460489.78728,4678000,4470600
464,,,,0.313827938972404,,,,,,,1.99995293688999,,,,0.19457046527318,,,,,,,,1.74527435644931,,,,,,1.44352896758528,0.567619600688289,,,1.15155266311902,,,,1.03944179865399,0.392268138683685,,,,1.81986454791298,,1.03044620358864,2.99163837819435,,,0.589813691045035,0.474925562386132,,,,,,,,,,,,,,1.5529018679907,,,,,,0.651548632265348,0.956467693508193,0.895877339328778,,,,,,,0.449102697064724,1.50563014909155,0.729665525779525,,,,0.719299909613753,,,1.09111613820891,0.746667818440775,,4.01267305922756,,,0.383406180834165,,1.02876658233107,0.348112683947107,1.49343587029123,,,,,,,,,0.501349567124219,0.60615419998264,0.258700001248472,0.747903261926361,,0.500690098140157,,1.16062983938523,1.52148030758328,2.03077597168547,1.50682564952021,1.13162473387839,,0.309570323972918,,945,4641897.35716,4460489.78728,4691897.35716,4410489.78728,4678663,4422640
465,,,0.517649508283073,,,,0.748911609657314,,,0.565161570967842,2.10471161765646,,,,0.186411592629342,,0.365163838875461,,,,0.993239201591218,,1.97455152394144,,0.58061523976276,,,,1.81445377144546,0.592483939380332,1.4286579248223,1.2912001798949,0.905730102282172,0.697399732958766,,,0.868210799227567,0.465259727709271,1.6187554997739,,,1.91250037833048,,1.07839858070118,3.37301673092901,1.35527363816607,,0.355838246800646,0.591398024003501,0.563956074783523,,0.81826918507799,,0.387976588721468,1.08306916942532,,,0.463794840088937,,1.21861496164501,,,,,,,,,0.795124319015447,,0.903424119568436,,,,,0.64333450199961,0.881694953734119,,1.54337212544718,,,,,,,,0.942907102279711,0.879165206091684,0.916067558283793,3.61315213285885,0.905811034487439,,,,1.0051128133939,0.529392085292581,1.70261557213767,0.79878636810184,,0.576989448148529,,,1.26502693309475,1.60771771068755,0.870787238398602,0.62424308143087,0.683847655365525,,,,0.472916189173008,,1.15834229196341,1.31894391092728,1.86673130167398,1.60562586310266,1.38233129422368,,0.433878815236286,,923,4641897.35716,4410489.78728,4691897.35716,4360489.78728,4682867,4375002
466,0.515129967049596,0.720190838187557,1.2746023720246,0.704862932994002,0.637308522717245,1.54426320613629,0.731993503720315,1.37825937291732,1.94257439835038,,1.97373237963046,2.23264429469833,,1.57348997665384,,1.34888313560589,1.44578827810758,0.388820913117695,,0.56097196272677,1.36579855129848,,1.71714354181302,0.479115010474577,,,1.33517223081577,,1.84734569165852,0.573777801658359,1.93740193302265,2.14628881873642,1.29074427412367,0.995451108546931,1.33637082393468,1.68670153250917,0.815817454489141,0.529823328947628,1.7490752724246,,0.867587501699915,1.4424896292647,0.382019827687768,1.35055381596448,3.11265913860723,,,0.727373713867761,0.437082904824004,0.752795972577697,0.428883462768371,0.874854367252672,0.601268565711941,0.269128528226956,1.40320501413961,0.324988074363065,,,1.27060488610704,2.2187856668663,,2.82706064697074,1.6514124987219,,,1.14309407949065,,0.793483526398783,1.04855899283552,0.888543787099379,0.783935321906711,1.00041305883315,,,,0.392158019326678,1.14898598710933,,1.60651467341082,0.56787410007253,,,1.24863380262228,0.74992953273978,,,0.832951226974081,0.81144053622169,0.732579840909883,3.22749222807372,1.32092674027709,,,1.24208120558279,0.752217631195971,0.609649013692705,1.05556449373487,0.826750750186441,0.132535473199156,0.44072111385124,0.994419127476882,2.48965285807008,1.07054074057601,1.40593008288323,1.0166622911878,0.52298109317457,1.06440358204158,0.383421924213394,0.514333532429248,,0.347495915269644,,0.676164055969216,1.39868522483802,1.65734326589638,1.40948572174032,1.63830179769711,,0.445572551961508,1.46637871500631,1801.66666666667,4641897.35716,4360489.78728,4691897.35716,4310489.78728,4664421.33333333,4334572
467,,0.459127265220254,,0.37276205563848,,,,,,,2.2922156661194,,0.0905255107992343,,,0.963617759427875,0.472146433734584,0.235501579628521,,,,,2.06230951504856,0.51334569350294,0.544233835513313,,,0.527385335400837,1.67669271743001,0.608516464888632,1.22217496327107,,1.0104914470378,,,,0.823887834148239,0.546196137155838,1.45915249645845,,0.39938167998729,2.0039615888241,0.223459167607248,1.06530355141909,3.41668498079203,1.03316866885547,,0.461367131686577,,0.65123763497032,0.670085575827371,0.760065007242185,,,1.16051573431895,0.192527099512919,,0.45663292941916,,1.45898813635944,,,1.56962577198314,1.10123036705642,,,,0.463363414017504,0.752794515169226,,0.978906790158534,,,,,0.6720348397058,0.748551670089842,0.735522552201608,1.4875585127539,0.745981707656126,,,,,,,1.05786361540269,0.783042653752871,0.856270283957896,3.56514509213665,0.786622761212836,,,,1.00044318324445,0.455352182510299,1.8324383281018,0.700357580047858,0.171982539664774,0.40033101070345,0.666175923235471,,1.19716936200603,1.35863690980568,0.844861865711586,0.663385944072253,,0.303740571476306,,,0.514563516915613,,1.04911111296017,1.2247745233742,1.87715025999543,1.59876290756406,1.13270195786512,,0.52217345457393,,879,4641897.35716,4310489.78728,4691897.35716,4260489.78728,4691578,4275700
469,,0.65433645116534,0.622271698503518,,,2.77945056773128,0.701724009540862,1.00807196062313,1.43966172972842,,2.09586071709731,1.90547637359024,,,,1.07488743051292,0.759156216885254,0.429891468397263,1.27264293281003,0.315513505286976,1.20149843683756,,1.69066130909292,0.651800014063604,0.45986269807993,,1.35409860637299,0.685984900290707,2.14892209949555,0.48881229475729,1.78177638839946,1.85639043250282,1.16895585074929,0.930877937900896,0.786322051632782,1.56471583800491,0.853424150295709,0.530786761809109,1.80222901466487,,0.565063623930996,1.60216099244483,0.250948208422023,1.3407019547617,3.46065728412911,,,0.773338174053442,0.550168149477775,0.709906674390357,0.444986384696939,0.824835248099615,,0.457592636725207,1.37324293686915,0.405571727548985,,0.344448934667665,1.97454103598867,1.82264032067087,,1.94764793667454,1.59114893819142,,,0.97803381502175,,,1.05044235288738,,0.876629386560394,0.60651896434601,,,0.159958967666239,0.550478850613164,0.917403646907251,0.431990932811278,1.80302127420529,0.636156915220841,,1.18809630334328,1.16593545405598,,,,0.696693843182158,0.77488443784687,0.883280572317708,3.24929212473996,1.06130366408871,0.399201475375376,,0.969327300719719,0.817906595239022,0.515666424372151,1.23928599993412,0.793695321552043,,0.417116607294491,0.850078449527729,2.09885785098438,1.18740637765668,1.58299504530604,1.15284441439125,0.580309334762231,1.35071742800462,0.300834135798421,,,0.387934957604751,,0.898233228577144,1.4059547956549,1.99348286884283,1.59568446744398,1.54329212578977,,0.317871447649608,1.76565223476246,1776,4641897.35716,4210489.78728,4691897.35716,4160489.78728,4664617,4181459
470,0.0955280064997204,,,0.600531348991609,0.652827168625498,1.55298807017873,,,0.899274325323861,,2.14564242166147,1.6941747913895,0.253283786229673,,,1.4476907257518,1.29258068964984,0.282130824532138,,0.15393216937628,1.10643756104127,,1.80595933569581,,0.624282738090784,0.426034500545531,,,2.1490885180642,0.657603915002209,1.71795293946944,1.78193288428112,1.10598973798288,0.733797605220819,,1.44317406439721,0.89957975509739,0.564109135912584,1.7300970470781,,0.650160655589033,1.85743107868024,,1.36134624505192,3.59462182348075,,,0.549114866441939,0.647842303568643,0.769063830427447,,0.796621809170719,,0.398696062980596,1.16933867155454,0.230321928221878,,0.428152246683236,1.35125750000561,1.82712250329788,,1.31640202893834,1.60309303837233,,0.171681885548451,,,,1.02849521243269,,0.852438888678466,0.0595935978520606,,,,0.714861511385152,1.01748026538392,0.657777725152081,1.92422557700481,0.662917520089761,0.451095451746204,,1.32989807863269,,,,0.785129680784184,,0.947499146396732,3.3682420605973,0.968789422367727,0.422821564881514,,,0.970788568671048,0.501783714089818,1.48272269073275,0.769136497235074,,0.536781987299016,0.649788134131118,2.05654665974218,1.3260890160877,1.67378743114292,0.959334046284399,0.603686356043275,,0.298472529922791,,,0.412760352648185,,0.993869303098924,1.34857301256535,2.21801181315032,1.64906183071921,1.47965913755987,,0.434735780115733,1.03538888200041,1655.5,4641897.35716,4160489.78728,4691897.35716,4110489.78728,4668914,4118140
471,,0.742056538420633,1.16908715536895,,,2.33033968373507,0.798209146282194,1.20933837629222,2.43525698710955,0.887248002492774,2.03517119734444,2.0455404990523,0.329713678952111,1.54741354880079,0.224809090154472,1.31902634577619,1.12154970339863,0.440299801782205,1.08593620298959,0.70580773977649,1.49170004456598,,1.7115091445821,,0.611599669420936,0.318132035465041,1.41214926573926,0.662573647464011,2.30281689894836,0.669612235007727,2.0330158536054,2.60651598788598,1.21245055130713,0.896857968950886,1.20984275849485,1.63276605005655,0.863815766202041,0.563924851214759,2.22796988037607,,0.618422777351951,1.67492246904815,0.265188071175538,1.48155296619104,3.53219538497696,,,0.651945287068113,0.648844249923308,0.733544301546401,,0.887906254267374,,0.628673002834132,1.35467741222726,0.408153489693254,,0.418687975113645,1.72620954219398,1.98970547436736,0.676976510920088,2.32306974531152,1.59700854758516,1.01122315447943,0.318003389160028,1.49040546288841,,,1.15444999762092,0.662889611844263,0.700695124771556,0.580398877105335,,0.602428823924065,0.273066304668441,0.711148211793171,1.12252972321276,0.523754117795975,2.016626642389,0.808109132057824,0.281104352793168,1.53377888462107,1.55823738253149,,1.59189053671067,1.05622685907576,0.531486347513579,,0.855672770121833,3.16743318809297,1.65342862164946,0.460780209354066,0.366427205696492,1.45030020746772,0.769936245043838,0.601974614301219,1.2418474472945,0.910614442654086,0.175342805881601,0.517008491950193,0.858082720783577,3.01774285510722,1.23496268072794,1.67810859614405,1.62851447074332,0.589392478945323,1.20608409766133,0.262525556815689,0.256946706740777,,0.441600158184658,1.09938486601414,0.845687173491251,1.33524374595632,2.19748752886871,1.61050770838502,2.10299080136228,,0.479164958975239,1.38812123451833,2264.71428571429,4641897.35716,4110489.78728,4691897.35716,4060489.78728,4671432,4096422.42857143
472,,0.650820696680732,0.86211296408139,,,1.60327407639019,,1.43195097200022,2.00841236004266,,1.95794233100236,2.08292874329912,0.415701358744277,,,1.58556480466914,,0.391499725291593,0.976107252368338,0.498956152759077,1.43924964549855,,1.22175312004279,0.690719529363383,0.551489077249568,0.322041818149993,1.39521602443399,0.765402438911037,2.54934921147332,0.713886049780476,2.23182437177115,2.14224808425678,1.2819160819097,0.872053701681971,1.52665267898191,1.79669532276151,1.01542601655107,0.488350316700266,1.96142937691725,,,1.59028865995718,,1.45063171696798,3.4660718579685,0.0842601734886588,,0.710149326887399,0.556314846846957,,,0.981666461760766,,,1.22223808760379,0.522828221479871,,0.356825525391233,,2.12859062722715,,2.55998910116303,1.54249856079591,,0.264474289383376,1.59159828327248,,,1.20703758352952,0.637825163754217,0.566620692718436,,,0.249588933516836,0.233787091316782,,1.32217322156444,,2.17115278465889,,0.416207115390774,1.342523172907,1.28078526370695,,,1.36192999828839,0.208825494945493,,1.1295546502961,3.28038138973643,1.26568319025112,0.581677501721735,,,0.921312189848125,,0.903275268517497,0.829418228208666,,0.700188987994312,1.07285586426185,2.84964361678986,1.67924581108298,2.03918518759991,1.35346812495588,0.575607506484134,,,,,0.403980821316507,,1.11548501756322,1.40509019349809,2.53018395532238,1.63094210002046,1.87288294592577,,,1.2810227619324,2421.5,4641897.35716,4060489.78728,4691897.35716,4010489.78728,4679750,4052150
473,,0.80675750503879,,,0.582477761887148,1.74686194056244,,,1.68814435285734,,2.33135359843149,1.44375968430775,,,,1.21413066840165,0.796186162385902,0.222110417061779,,,0.868737039284748,,2.12606539299897,,0.709206902265285,,,0.531782860178531,1.93276463149195,0.60127096148724,1.38634972927879,2.00586989250946,1.10094281707013,0.82849805195647,,,0.876554501695239,0.672702656437481,1.51804083057172,,,1.97802975098483,,1.10438360004522,3.68769400500487,,,0.352707727892746,0.650151829284318,0.931109266375623,,0.774026123485841,,,1.25574886662117,0.475543117754591,,0.145397424874662,,1.9315728456589,,2.15208888903814,1.25573914970398,1.18230717800973,-0.101454459851263,0.418067215792759,,,0.872660789968671,,0.999937887405471,,,0.231439583907823,0.213031964701304,0.888575073110454,1.00094064328495,0.83442705330649,1.82523764516615,0.83428733994653,,,1.49238545065686,,0.912887610298626,,0.976002551701127,0.727991142725574,0.943889702181349,3.447313287206,0.994382032641754,0.200838771497719,,,1.16169618464174,,1.81307127197901,0.859089776065599,,0.476392398173347,0.742265200966726,2.47728837237181,1.33217826445928,1.50532244937713,1.42469902248443,0.801340879903066,0.915261681920015,0.29413174663096,,,0.490535906630066,,1.22499165007034,1.64611237936495,2.28503017548134,1.68971317137931,,,0.565388279888408,,1251.66666666667,4641897.35716,4010489.78728,4691897.35716,3960489.78728,4663618.66666667,3988888
474,0.360188804531748,0.604486527357487,0.748954401000048,,0.746925380776182,2.01323297438242,0.674980371130347,0.97326435587395,1.30607809445683,,1.98063924018896,1.88211294909198,0.337686401792977,,,1.21084871507783,0.448264919422194,,,,1.11009523725376,,1.50708982048836,,0.549413460324567,0.380436514414067,,,2.22619168598949,,2.01525547617241,2.20565449624336,0.888618873823181,0.845687633956624,,1.56136575137764,0.897928521424311,0.382289414737166,2.00560833029342,,0.436309431133055,1.70477041158829,,1.09820279856335,3.51162002034379,,,0.374177910532874,0.610417220910318,,,,,,1.3170553510578,,,0.342357816115016,,,,1.64313530512613,1.39478226414686,,,1.15148208922746,,,1.09979860193981,,0.799166085607747,,,0.44714378192088,,0.716966500810112,1.09357467846304,0.492938278874511,1.86403816598324,0.539003054784724,0.390386658316663,1.62655269580613,1.42188836747268,,,,,,1.04585148593257,3.34745238930162,1.14021607508604,0.394313469873895,,,0.886381169891626,0.461427186683011,1.54974040319916,0.951804997026816,,0.651630338031201,,2.5890592165916,1.58203049317728,1.86400638492306,1.5250656259254,0.663641728133854,,,,,0.37844749201527,,1.29247916312236,1.08292915358908,2.33896080726948,1.49255057033873,,,0.32658484669712,1.34227183952173,697,4641897.35716,3960489.78728,4691897.35716,3910489.78728,4673834,3921752
476,,,,0.327793342389178,0.641114449883435,,0.692400777808712,0.775835265664835,,0.270565751251966,2.3335940379631,1.09927649766935,,,,1.07256325553777,,0.218942739259006,0.322881385600893,,0.763370101011556,,1.96070148440792,,0.722317866663585,0.401918920962084,,0.443398404365522,1.88983524795191,0.60780216398419,1.30876286394953,1.28421679353498,0.949008862493427,0.785845651999379,0.407134493696173,,0.948738884515784,0.568106243792995,1.47854182250364,,0.383841660137788,2.26615563023744,,1.06229271448422,3.69521431330586,,,0.418467429639655,0.692498936942488,0.715759344748676,,0.757122398883031,,,0.996249253527997,0.199166726519158,,0.416351305620893,1.04051827856226,1.52581641099408,,,1.59145985362479,,0.0679737387853011,,,,0.742096346708955,,0.965046329460064,,,,0.227190706289007,0.855501090340953,0.934191003922886,0.687170582877017,1.74114056249412,0.73496749520058,0.531439606216765,,,,,,0.767376301443135,,1.05673931891468,3.66583035871296,0.704284034860235,0.35964399559064,,,1.09019947257181,0.373281244502252,1.98441333532369,0.653376766291116,,0.603608873349953,0.661618081135593,1.61680467875322,1.52375380455248,1.62792013762679,0.946315965426752,0.68203195731117,0.814050270145336,,,,0.553586889633525,,1.38991014330351,1.25849067505903,2.36662432536368,1.74508282729515,0.960692361739257,,0.439993713442004,,643.5,4641897.35716,3860489.78728,4691897.35716,3810489.78728,4670299,3821216
477,,0.452960487801227,0.675500764523124,,0.567057618759591,,,1.29779785967049,,,2.29112147033844,1.65952644013099,,,,,1.15120600879686,0.236658588234309,,,1.04164025551547,,2.08955130187444,,0.632058777522333,,,,2.11683507117945,0.616679516298443,1.47133358520124,1.29901347286267,1.31723345463103,0.853979582790405,0.479150681022989,1.55970176131957,0.921942455987311,0.704999372479776,1.43336325451235,,0.707091308128289,2.15171251529198,,1.39236984244592,3.62294549007838,,,0.726279932008886,0.682624378813285,,,0.690985503016327,,,1.14818025395328,,,0.511749876857093,,1.82499889321778,,2.0277522998587,1.54678073094213,1.08769851505331,0.479656072707094,,,0.881044780163992,0.83954438677143,,0.641249611766745,,,,,0.800212927483694,0.906572483150015,0.606134244359538,1.8829888697645,0.724541123568287,0.530681950035671,,1.07431938844915,,,,0.708836226533846,,1.00434549901479,3.4183962218499,0.802785668656284,0.469747911627372,,,0.952222940319944,0.483388712800882,1.40953030230627,0.498097086159928,,0.45767173903235,,1.6299674504519,1.29361901267499,1.51521630006027,0.921866813980966,0.638662706522781,1.43877626648251,,,,0.494990731821286,,1.11006636924006,1.55204571644385,2.30123558728571,1.84745935724979,1.14262982101297,,0.567713466896751,,2236,4641897.35716,3810489.78728,4691897.35716,3760489.78728,4661800,3776033.33333333
478,,,,0.496127756942698,0.548987893589968,0.739178899609084,,,0.545539908103499,,2.384430806541,1.17305870601557,,,,0.887231067684416,,0.232506588739506,0.998211032197542,,0.908991245891026,,1.8973355319663,,0.668838346406041,0.405932918909563,,0.666975080832899,1.94260907142323,0.600599403564527,1.27967511492369,1.25962721297706,1.09672149887391,,,1.3967151737827,0.916585006505126,0.602996285140322,1.42199749750321,,0.520038319404862,2.28802593099565,,1.13179432421988,3.66615183237518,,,0.39884249494117,0.691613321402157,0.677982532558506,,0.779833180699465,,0.302587640849668,1.03900852974932,0.198224536901546,,0.455692400026668,1.45109807676505,1.64965788192463,,,1.52453572178741,,0.289097235014521,0.954378068401565,,0.57022315726117,0.734613253268861,,0.845684367361281,-0.271686231683759,,,,0.84069060068573,0.83976828836501,0.601873913678667,1.7394157400805,0.745084133324885,0.542185850657084,,1.06689284941665,,1.41529030471732,0.754717738402009,0.860321872199165,0.765756866281008,1.00051306033316,3.58478318993406,0.66862160377404,0.239126582714916,,,1.07223431362794,0.390349801012995,1.84419237567228,0.704785319681464,0.17457298270788,0.491177185873439,0.812798316208958,1.54827888982677,1.45002964548064,1.50628230024654,0.80258888628307,0.704169818730156,0.891944432123999,0.277783245336697,,,0.554392141793777,,1.3433621967815,1.30355129979424,2.36742351012429,1.79671370550916,1.08249822787192,,0.541560040550767,,1245.66666666667,4641897.35716,3760489.78728,4691897.35716,3710489.78728,4674765.66666667,3738173
479,1.04138401382345,,,,0.52918331925728,3.0430124252518,,1.56328896902956,,,1.87403792003971,2.82913366095319,,,,1.48415547258657,0.975644187866853,0.432673451961033,1.23735643844128,0.7117786870791,1.7333411956048,,1.73485237895147,,,,,0.63466556299218,2.5645289668594,0.768976121794897,2.19456455257163,2.13168722738827,1.19287710593978,,,,0.868064090264545,0.523115713597674,2.00881234927816,,,1.65913469964456,,1.47061689886569,3.5083281771718,,,0.70241725097234,0.631341281681941,,,0.976564525085624,,0.586909868950709,1.297536865845,,,0.460711474313753,1.54677645108334,2.02388479220576,,,1.53672050110045,,0.373188345044763,1.66943196984812,,0.509901957620343,1.24284292817348,,,,,,,0.787540653998157,1.15037866592918,0.492661526485189,2.14375300597916,,0.503334333078733,1.4931099097416,1.4383175834353,,,1.25672144324157,0.281677502797013,0.811614491218919,0.873282523098091,3.07215862946576,1.21988194035958,,,,0.754618142145954,0.463695223351692,1.09355149004267,1.12409822381973,0.177991809873352,0.597093723432221,,2.75692387617179,1.41014498928168,1.84789784962942,1.19693731547961,0.611076492538301,,,,,0.496364303037197,,1.04973156960066,,2.47235885893679,1.62172176796138,,,0.399336268633797,1.35984928325501,2445.5,4641897.35716,3710489.78728,4691897.35716,3660489.78728,4655400,3695650
488,,,,0.507727284535062,,,,,,2.33424610260013,1.49184261394357,,,,,,,,,,,2.1017060437107,2.01750045982126,,,,,,,0.463352479373179,0.89683232001189,,1.48148520387332,,,,,,,,1.38684153566838,1.41071673796546,0.212016025817401,1.2962493816814,2.31119717601662,2.54804652471433,,0.947439042528401,,,,,,,,,0.378361324226052,,,1.19257377441722,,,1.82061405915973,,,,0.961193874504387,,,1.06494487427438,0.513892519706856,,0.910596319204795,1.23672921827429,,,,,0.843620565621673,0.816785891078695,,,,,,,1.44466517823821,1.00154354030312,,3.50199310128359,,,1.80768716869159,,0.84060691640443,0.846707033051059,,,,,,,,1.21256962715797,,,,0.466664476081576,0.922637665213367,0.656409684204632,,0.789854732872606,0.177802061391077,1.87384908410957,,1.3681951504664,1.90397700290783,0.907656609588516,,,1741.5,4691897.35716,5110489.78728,4741897.35716,5060489.78728,4720300,5094060
491,,,,,,,0.723974155601706,0.950429532818871,,1.87554631108587,,,,1.1793714388172,,,1.33748176619184,,,,,1.9526186092551,2.02719048155292,,,,,,,,1.00308393742684,,,0.782288174073339,,,,,,,1.08879087178497,,,,2.43588149303637,3.16031955027547,,0.732541280783006,,0.867493088157408,,0.732139324601254,,,,,0.733835192159236,,,,,,1.92273907659889,0.896323070964693,,,,,,1.51617866322462,1.1110299607013,,1.04121709737362,,,,,,,0.789591368848241,,,,0.530201863165041,,,1.6488083416359,,,3.81346164798091,,,,,0.676354902389435,,0.991244849767329,0.829017638494909,,,,,,,,,,,1.65490917719932,0.809793416202612,,,,1.53817343805481,,1.12174008810605,,,0.230603162907384,,1219,4691897.35716,4960489.78728,4741897.35716,4910489.78728,4734484,4925754
492,,,,,,,,,,,2.196558757987,,,,,,,,,,,1.55900266614732,2.55622228425459,,,,,,,0.519537346362937,,,0.932828462997893,,,,0.736859128017847,,,0.523769356706906,0.442559122476249,,,1.21236301750299,3.05480679768829,2.5671801410552,,,,,,,,,,,0.484191207491833,,,,,,1.78993256304432,,,,,,,,,,,,,,,,1.07813300678195,0.982178744908441,,,,0.700022651564958,,,1.68829842213412,,,3.69585975105594,,,,,,,,,,,,,,,,,,,0.895587741333977,0.676819249207824,,,,1.45075447027163,,1.47943613165549,,,0.51187411166311,,1194,4691897.35716,4910489.78728,4741897.35716,4860489.78728,4738789,4878334
502,,,,,,1.37067675456654,,0.584407353754775,,,2.10181767580899,1.43701673512896,0.209160423775296,,0.171862776434608,0.653350623729577,0.304559964576778,,0.785070040436164,0.10185067238926,1.0811173667453,,1.99193841251046,0.666079769229223,0.485927384605587,0.48951255064134,,,1.75935088494589,0.673546665552454,1.46510274972219,1.52758962639749,0.919985230793914,,,,0.706349239383794,0.452948488451241,1.70940203044715,,,1.72244308706218,0.26199740901789,1.08643994115263,3.28726691430901,,,0.313619648619716,0.581943931736546,,,,0.37467224895917,0.291397563729374,1.21658686051726,,,0.499248437702266,1.34532837965255,1.32568562726488,,1.40384865600213,1.73819456844617,,,0.353480558599894,,0.340875697192838,0.857547833654642,0.831789324465362,0.919881678912198,0.559539346447085,,,,0.635710651797952,0.746200208017523,0.649249024214242,1.45608593230957,0.722407518845688,,,1.14705898014559,,1.30453936123458,,,0.837426173832797,0.769336758283514,3.43022641036189,0.939343078988412,,,,0.906185817427152,0.515768363214111,1.58743562399051,0.836178992277405,,,,1.46277678713229,1.02582311406541,1.42739157110384,0.903731943863467,0.656334616675938,,0.365652228333518,0.24911727902496,,0.438057384394653,,0.883974021139944,1.20670359719573,1.64539073645842,1.49247891985349,1.44688768394483,,0.492757440858484,1.04595461981093,926,4691897.35716,4410489.78728,4741897.35716,4360489.78728,4708775,4401097
505,,,,0.504740693651766,0.56437347107268,,,0.865016436952598,,,2.18509501959456,,0.077157667484234,,,1.4324136156958,0.89340917159036,,,,,,1.93485756478128,,0.554357874751405,,,,1.29645227181361,,0.944001738149416,,1.12899477802182,,,,0.805582234028219,0.50595690025688,1.174489937451,,0.486406350224778,1.82891386000191,0.219952211728574,1.1239215360107,3.22145657563343,,,0.591354186689013,0.454959096210267,0.836928854113861,0.69558331968972,,,-0.0295926904336631,1.02900472138681,,,,,1.68468823454336,,,,,,,,0.501060473060049,0.73952105183976,,1.04993460474864,,,,0.221570063954186,0.56000498026807,0.896906700693053,0.69129008223895,1.48263924034639,,,,,,0.812289460497189,,,0.484950891254795,0.864526588443377,3.54436175982609,,0.223623542280484,,,0.928231199910202,0.26833187086587,1.70914090388911,0.613103560518208,,,,,1.18292773114033,1.27680560326063,,0.518805878018993,,0.176764630546742,,,0.460531661398159,,0.983227085352473,1.19023630598647,1.81327700213378,1.40034863411882,0.984191464278219,,0.411724795376944,,861,4691897.35716,4260489.78728,4741897.35716,4210489.78728,4693659,4251857
506,,1.18150457956856,,,,0.591458903433137,0.602348586706046,,2.53437136865915,1.76388132372529,1.97504915384293,,,,,3.03163853995791,,,,,0.596642970329908,,1.44703520070464,,0.361150534552262,,,,1.15399176604717,0.498389219196999,1.22168684978138,,1.50800368802543,1.23417906554706,,2.19909236675803,1.03865505447854,,1.04216466329176,,,1.28104890798654,,1.26742744682137,2.86118311688095,,,1.03114882660838,,,,0.934155081461058,,,,,,,,2.59970966942881,,3.36950004644699,1.34900532363814,,,,,,1.06084025995832,,,0.462929665362127,1.10350880477047,,,0.243599857820143,1.30463446799591,,1.63888584056139,0.528175460877707,0.710878829944193,,,,,,,0.166058049509276,1.01531251811685,3.50953234600786,,,0.798459174629812,,0.719018417335703,,1.21818486991213,0.79650345716381,0.0864692735830677,0.432287685241728,,,1.73244298540406,1.39729175305449,1.49956252018938,,0.840015657300474,,1.42256951036005,0.898778849515863,0.320092926766338,,0.869020587079911,1.15370311124907,1.85281689805116,1.04607734993977,1.16418159208942,,0.228691412658299,1.42224763141159,837,4691897.35716,4210489.78728,4741897.35716,4160489.78728,4700224,4176328
508,,0.646886565885345,0.885598159159009,,0.739432992815096,2.11173055595803,,1.03665449228658,1.42312541131163,0.630155629218525,2.02146197450368,2.01230721845631,0.280900313609127,,,,0.547865279280097,0.401056968825258,0.837360044726428,0.350100221869673,1.13507728858522,,1.63510661485164,0.688861149088324,0.5327683742075,0.38189038941862,,0.516138916842401,2.16381625642813,,1.98599678274162,2.32034012308526,0.913146054970169,0.900097178990966,0.826621320232975,1.50181613574333,0.841909400211874,0.41496529682885,1.99977262443463,,0.390268338456075,1.63509398235967,,1.17367492684442,3.53137215664165,,,,0.559911751878556,,,0.95328226462739,,0.444677518475633,1.37885838883276,,,0.306166105107471,1.70155952825165,1.7865148484667,,1.90939978053129,1.46865611796612,0.898556614015564,,0.966327560742913,,,1.16306006364799,0.844840522132771,0.895012153921166,,,,0.204649223843858,0.644246247269799,1.05000694909921,0.561370775067277,1.87876164409289,0.562257627149438,0.396740390978301,,1.51273312573653,,1.20725928927217,0.860761847462532,0.439492031991168,0.592384275433575,0.959389693644067,3.24395518150505,1.12710431123577,0.318210432557298,,0.940771544188084,0.821892992849492,0.369845295736414,1.56234855667013,0.974386918247984,,0.557531999032988,0.614717352897603,2.59508574592317,1.43143548114973,1.73968408526801,1.4731765774474,0.665834162053791,,,,,0.35350731122119,,1.09453950109785,0.997215646179516,2.24249182688051,1.43760620832604,1.54620146985556,,0.335657427581006,1.4851759097558,781,4691897.35716,4110489.78728,4741897.35716,4060489.78728,4736756,4079150
509,,,,,0.599486347497846,,,,,,2.2779718753101,0.993544242501218,,,,1.45339466138091,,0.0941568005371168,,,0.515513189330575,,1.72777714575325,,0.619729110802533,,,0.475767935296239,1.51566759840726,0.483322390046617,1.03562467794064,,1.07905320561656,,,,0.92153672288927,0.477042379306835,1.21765834159121,,,2.06174374740699,,1.01443553556929,3.44904532300487,,,0.620082146549412,0.528701970356142,0.792525408267129,,0.689139685747303,,0.35401538742136,0.840429871170393,,,0.218259818269833,0.834550804738206,1.50993475246746,,,1.34713947109239,,,,,,0.634094568886353,0.770342644462725,0.950535108568137,,,,0.192800391512155,0.744554970804122,0.998932219234574,0.613139358066889,1.62967718473635,0.670130425135533,,,,,,,0.758658893030234,,1.15413898321974,3.72301254135771,0.619725442717239,0.275889386325006,,,1.04055003553604,0.192481127689809,1.72289386099754,,0.135895489120121,0.611051975821613,,1.41570375551194,1.52178486876694,1.54922056336532,,0.613353452402545,,,,,0.542813011587183,,1.28374048819435,1.30436400417884,2.23272359379638,1.57185522613653,,,0.351093727835577,,749,4691897.35716,4060489.78728,4741897.35716,4010489.78728,4741185,4027417
510,,,0.55742524884905,0.31640773079306,0.62264168571129,,0.780769413825108,0.70213716025704,,,2.49283659701384,,0.163731498863437,,,,0.48499842878149,0.169475612384338,,,0.738838958388908,,2.12350706150721,,0.747271564147694,,,,1.83677937085537,,1.17032796638689,1.15912287073675,0.951630392216284,0.763324549090274,,,0.90643518791987,0.637763043933082,1.4229933911722,,,2.37165930735736,,1.1056168353263,3.82320900312019,,,0.409541467492138,0.734629550284393,0.623171989805896,,0.726324529891731,,,,0.203119133361191,,0.408695781821649,,1.5120834674791,,1.13728987147446,1.5890600145262,,,,,,0.710963966476841,,1.02869800166663,,,0.150114142388887,,0.892995537905253,0.815274056609305,0.82184528302582,1.74370879012596,0.802494582644744,,,,,,,0.97198765578873,,0.984671545203594,3.65289632670517,0.530031954856647,,,,1.09970786583392,0.306109336663866,2.09857224497028,0.639027640088077,,0.501626731815599,0.464101092376446,,1.37054367718858,1.48753185476157,0.759805734736351,0.723123531843579,,,,,0.580189545159743,,1.29410547611876,,2.31874559090439,1.80075401640079,0.948892626128324,,0.517983930461765,,719,4691897.35716,4010489.78728,4741897.35716,3960489.78728,4693372,3975455
512,,,,,,,,1.69368537923375,1.56719342582741,,1.75476303860478,1.98942347546223,0.471448430515794,,,1.32936884929919,,0.198504995237811,,,1.55289034893928,,,,,,,,2.29635416037433,,2.16492477946817,2.08883102573669,1.29112024649247,,1.60347918928806,2.01180205695255,,0.472970221581366,1.56222352735173,,,,,1.23350067254654,3.49748628837628,,,0.566032840789435,0.468759871474985,,,,1.19439650254189,,1.47698339834777,0.3932674862256,,,2.41750997613698,2.52021510428622,1.61951686219416,2.23128176192604,,,,0.956132031008495,,1.36723564465313,1.45861229675717,,,,,0.534999251487049,,,1.01794104228374,,2.10511500745799,0.614326213540288,,,,,1.92279455967394,,0.729058257100784,0.8191286077637,0.965062512408516,3.24664229576352,,,,1.34199257791775,,,,,,,,2.62129211280382,1.37136478035172,1.54048597236352,1.19654113766966,0.955158519518812,,,,,,0.59252800320552,1.16244085417461,,2.52102719756227,1.40853141637672,1.09459790626965,,,1.23466181558833,2413,4691897.35716,3910489.78728,4741897.35716,3860489.78728,4722200,3877000
514,0.99576572831771,,0.789420359559587,,0.905213253643606,3.44557111553067,0.795029364041869,1.51426865456923,2.32460816562734,0.696941134437625,1.37385477242625,2.98460988665633,0.73964692472196,0.751793941653904,,,,0.640285967022031,1.49609868636244,0.683905289444991,1.77516117654889,0.55427813850983,1.23338001844534,0.863203594134365,,0.302844595457594,,0.728122257821588,2.76258475349555,0.925968655829821,2.99095826126772,3.37315457661671,0.926940806270623,,1.60796896978727,1.97283566281432,0.556418337305679,,2.59727325804839,,0.502177451454057,0.993057866816933,0.390383177200708,,3.24873623942312,,,0.357925706646795,0.480295083594173,,,1.20657892568618,1.54149409442391,0.725345195615141,1.77367034882642,0.409379392873846,,0.429347256873047,2.42481958898507,2.05969699398835,1.09868392768305,2.56285535031851,1.32323964288719,,0.338415091140427,1.62342310859058,,0.776149205274645,1.73311339277949,0.787655726298338,0.532342522963805,1.19378331507409,,0.778338864042808,,,1.3113250719393,,2.19736211131446,,,1.894565474891,1.69290439271558,,1.60691282307383,1.37346276444015,-0.0525406396081795,0.622389904511611,0.783508818450274,2.71331258457894,1.68872715529191,,,,0.561406039475347,0.521187003349841,,1.21169431348819,,0.556252050425686,0.934389353237313,3.88531898431869,1.42070246576491,2.02406663187444,1.99935746672307,0.649752725690303,,,,,,1.25565738480161,0.90096006067082,,2.37660976335331,1.14150242095698,2.20219829131809,,,2.27812421476174,1433.5,4691897.35716,3810489.78728,4741897.35716,3760489.78728,4737275.5,3785927.5
515,0.916551167241354,,0.791662469430146,0.427036353000949,,2.52461858345819,,1.65373426943685,2.14025065594425,0.81865497926754,1.44024752757567,3.03837035985875,0.543657771019393,1.84135406550121,,1.68344736127214,1.34333174740625,0.509309974231548,1.37892520111693,0.616194884433502,1.66504650867921,,1.13208949764409,0.991175630885166,0.520153568181253,0.420036469416874,1.75209231371835,0.911361072394279,2.68530426011252,0.860826888256257,2.76795210378567,2.84404046996056,0.926875103693453,,2.2206534430282,2.18938456965588,0.743828673872615,,2.2609932356839,,0.510049282651355,1.24665014168313,0.0442339104499751,1.27925479403967,3.27513258425176,,,0.771375199945446,0.511966184139993,,,0.962486332833774,1.58503648902332,0.841405523242856,1.8576201029692,0.302081665677237,,0.531253936317056,2.44315812126064,2.03938378895412,1.69460583931071,2.24151854437851,,,0.386952933024018,1.71417377930319,,1.21560944929557,1.56887748251061,0.878987594147764,0.504659535914516,,,0.64143514751966,0.15866962848966,0.731398513084398,1.38179247142039,,2.21810563044704,,0.502542208397716,2.15292834703141,1.3596972775824,,1.69222322500335,1.47942177752433,0.0897359898214335,0.693201087761335,0.997821681004631,3.05277204286286,1.44317068516307,0.559948417640127,,,0.779867263722267,0.432663240969199,,0.970307751195153,,0.764745209913703,1.13594622802379,3.56764709476459,1.70832674164881,2.03433757420867,2.1168744026401,0.698787193858754,,,,,0.249790158511457,1.08012967406771,1.16853927075773,,2.60698459785534,1.28948400014718,1.89106866407089,,0.271563681372254,1.79167098245999,1795,4691897.35716,3760489.78728,4741897.35716,3710489.78728,4714919.33333333,3736073.33333333
516,-0.111398179499144,,,,,1.48726915554499,1.41777033060361,2.04401167239186,1.85811358226388,0.713223139554583,0.848465509474987,2.10833535825676,,2.01015546353599,,,,0.103434214756053,2.51209330105911,,1.76041005256964,,,0.966361278819671,,0.64739570339237,1.80429075199782,2.16547580326999,1.43263109891413,0.701868563241769,2.57400339876456,2.61438938874822,0.937048013617145,,2.36574281997783,3.07666020457436,,,1.36523505491749,,-0.169127129662729,0.424795414688736,,,2.73864791240053,,1.64525383434357,,,0.513191218196468,,,2.5221595962258,1.00251043257164,2.12722874642073,-0.108715710305426,,0.903726366333706,5.11202885078212,2.95368512780751,,2.28339723324009,,,0.38176178951695,1.76638514315699,,1.77478472244332,2.05441462448277,,0.562628964450829,0.4615087844439,,1.19352940923376,,,0.664752314517961,,1.43618042065021,,,1.75383547634436,0.888261787900526,,1.9621549180902,0.82712785721619,0.441807725782297,0.482183185752871,,2.79074546734779,0.640788319155638,,,1.70198106607509,0.728398765881646,,,0.0317867336769468,,,,3.2537808520863,0.904599505578766,0.828012649744238,2.49627598993792,1.60591984171978,,,,,-0.0244175401695709,1.06851400562827,0.888235073226967,,2.03527848908948,0.0435486502731133,0.0606310208180189,,,2.15537418752708,584,4691897.35716,3710489.78728,4741897.35716,3660489.78728,4716553,3700608
528,,,,,,,0.711443709405318,,,1.06514900624893,1.9533008776672,,,,,,,,,,1.04070335023507,1.48375434952467,2.04573680745456,,,,,,1.36465713269748,0.497462192954662,1.15487325019815,,0.917377153370875,0.541546481766795,,,0.427475474140157,,1.81803127453939,,0.769837029698244,1.64075784644883,,1.1453546541464,2.78471822198054,2.01544434124416,,0.514085065014447,,,,0.667857268861355,,,,,,,,,,,1.60316730078559,,,,,,0.864716117100868,1.11314560437695,1.04554891264694,,,,,,0.76334510977861,,1.19830163067788,0.667390102518883,,1.31257883517985,0.799612714003939,0.660538579868937,,,1.27310660867903,,,3.57918734099673,1.06318020190432,,,,0.928354811767606,0.746633363561554,,0.676788904509628,,,,,,,,,0.508463245886139,0.352046106688295,1.04295867712505,0.697028674378331,,,,1.45198860132558,,1.2794675679131,1.96136461098819,,0.365766948295678,,1221.5,4741897.35716,4960489.78728,4791897.35716,4910489.78728,4774664,4928904
529,,,,,,,0.676785802560179,0.785978804852504,,1.32111121165204,1.93365788168404,,,0.864379787515961,0.204962125766799,,,,,,,1.84732673772497,2.10329214988476,,,,,,,0.480211385367243,,,1.17225131006545,0.673579606035955,,,0.983161141657522,,,0.522747278042312,0.880433554523673,1.47384160054778,,1.23430258169121,2.77718407108506,2.79263673172249,,0.600853272938265,,0.657573035076184,,0.739057591581746,,,,,0.710753103375326,,,,,,1.7790761402294,,,,,,,1.25619921557959,1.06468850678714,,0.828847169591935,,,,,0.496329389957212,1.2798259471628,0.846596785675779,,,,0.648069193639664,,,1.54621356470778,,,3.88728397999806,,,,,0.906561805518699,0.497768627514817,,,,,,,,,,,,0.330093838970164,1.2394202423146,0.689686325202467,,-0.0420032894144073,0.531608753199068,1.57453294907321,,1.34293675739092,1.52392977947128,,,,1200,4741897.35716,4910489.78728,4791897.35716,4860489.78728,4788858,4906135
544,,0.407771981189618,0.496431144746013,,0.654248786378763,,,0.784715613894938,,,2.30765389667559,,,,0.239974317652189,,0.374047851002443,0.22844309091788,,,0.823551613773225,,1.89717206238527,0.669557501690702,0.716435291018277,0.533333786695981,,0.532645163239012,1.93883638477468,0.596664974031607,1.35560205531113,,0.942924030352084,0.705501095558405,,,1.00173667840314,0.535568538105374,1.51041211310514,,0.40780034469677,2.27496001274481,,1.02316053650108,3.64950519324701,,,,0.706166834771466,,,0.753808350775127,,,0.947178710580927,,,0.497079389753309,1.29802142234627,1.3116135273447,,0.966598852175363,,,,0.63140695932563,,,0.702884818713556,,,,,,,0.834692337977211,0.964656988963288,0.647572641439452,1.72674892591336,,0.50288403753084,,,,,,0.781854560454701,0.828904874477934,1.10774448283753,3.80117594547822,,0.443490143504009,,,1.13801457420568,0.355855462133339,1.90689581786429,,0.170928697765134,0.680694717988261,0.706526723381524,1.54348061285338,1.63709434193315,1.74510443977471,0.942751069120844,0.717447279766385,,0.269351860837546,,,0.566422321700458,,1.46516679019967,1.3213396950897,2.38560881525504,1.79381191846294,,,0.437619234273336,0.507172351994215,815,4741897.35716,4160489.78728,4791897.35716,4110489.78728,4780574,4130734
545,,0.465215762890202,0.587143878506092,,0.617355837392204,1.58100549420892,,1.06214917074632,1.26769485708595,0.524584228012235,2.08808245890815,1.99883695189386,0.466293648920678,,,1.10174284212123,0.799226762501488,0.353831464037753,0.921682582333704,0.433707110657385,1.30651031429672,,1.69018334098458,,0.518733607357854,0.23598014263126,1.68139870915129,0.579453356062947,2.23790779725935,0.678389563315902,1.84530900693224,2.14698099763486,1.06050367547202,0.866333502854396,,1.41516988568358,0.886308411090179,0.639274995242264,1.85450740018831,,0.388519828271454,1.79955742616474,0.329492182002263,1.32078359143018,3.58694312130388,,0.967503806756745,0.584591863458593,0.628394738809252,0.660934236563352,,0.855155498402881,,,1.42941514208071,0.540387931395633,,0.380451136866733,1.69754839628612,1.75489175541063,,1.99326902481388,1.59949245478768,,0.170649825782776,0.846213948637674,,,1.06865202136732,,0.791509215657066,,,0.527514847051026,0.239542253582866,0.751896662954015,1.01516003296861,0.617231661315901,1.93550269948052,0.760744033677148,0.506442670763472,1.26348307064999,1.17741491404337,,,0.956384660122387,0.490348726612555,0.839066145732083,0.957531409562919,3.28596771445027,1.13576243255754,0.397089083145138,,0.946511436441946,0.890266474654543,0.435528846330382,1.43338896300696,0.826073386690072,,0.53666351383636,0.768940786445402,2.2409724226515,1.32622183741922,1.71047329677111,0.939238132663499,0.645906416068621,1.08419459017747,0.244414028729477,,,0.392490926732435,,1.03925568549623,1.30990306463243,2.25197028240224,1.62215624354483,1.51775344439048,,0.487338207863356,1.16800835471761,1587,4741897.35716,4110489.78728,4791897.35716,4060489.78728,4772946.75,4098603.25
546,,0.698874577415452,,0.469216128319059,,1.65509379405294,,1.11778775126932,1.14757547792143,,1.92854674378296,1.68290548877742,0.201986170880554,,,1.56395592863496,0.799565766724169,0.256096594169673,,0.329118803550805,0.918851681477731,,1.39466332730416,,0.523923817689574,0.445158871104822,1.7135393802112,0.479157751233516,1.89068172006872,,1.6868021711205,1.82653610332968,1.06289788235217,0.766790632895183,0.810075361780922,1.23421667492356,0.748835772837017,0.404761669947617,1.71245901617679,,,1.52146331210763,,1.21740970396737,3.34106031363655,,0.768065056774559,,0.463671621737662,1.16145564741774,,1.07208452847185,,0.154476231239758,1.11082955257361,0.339902184957117,,0.351667918940598,0.794461413616558,1.77374371669216,,1.92790546670106,0.956778214711434,,0.451609912301212,1.07398309371553,,0.528196751479841,1.04611334565442,,0.78744724646954,,,0.521081349449433,,0.593932877362852,1.08754484915882,0.427251799447127,1.82831852340511,,0.35653032122288,1.54409052646625,1.27392721346011,,0.829565046414571,0.794713013312349,0.397449266193859,0.17183948986375,1.02254270562658,3.20582009747731,1.05277840523651,0.2502591271616,,1.32904752197528,0.773923725507482,,1.16666314303997,1.06030615159672,,0.563366281323461,0.89512883032772,2.21764748204623,1.27136337968078,1.63732524789982,1.45705186517062,0.517469630508209,,,,,0.413518791799637,,0.957511400563757,1.06426485495619,2.12894081651997,1.34946113340778,1.3827143483341,,,1.59560516505983,1291.33333333333,4741897.35716,4060489.78728,4791897.35716,4010489.78728,4773096.66666667,4044547.33333333
547,,,0.626453356078189,0.446862079243812,,,,2.012979887094,1.59388412957997,,1.5551787908212,1.98447340219145,0.62388649521824,,,1.27645452304985,1.62688785543143,,,,1.80412381776588,,1.59062342961007,0.497722727161266,0.394101825020084,,,1.61112047318147,2.00241750815916,0.83321266661496,2.17396096746346,,1.38271979074116,,1.96478700992034,2.50012844482957,0.177558195712197,0.367851246299479,1.16579175119405,,,1.48225418286243,,1.06205819181681,3.32674717331195,,,,0.239998533353218,,,,1.50936436298832,0.676079266868625,1.72088559967817,,,0.971247203693351,3.33895411581764,3.04231120442841,2.44656611104914,2.41966925876739,1.94308441196828,,0.595988372575789,,,2.06547562768106,1.69989310825775,,0.607357201353609,,,0.700969910657699,,0.580446470487826,0.94105076337307,0.400947581093228,2.0147455968209,0.608573364380441,,,,,2.14076601011417,,1.10700799424839,,0.930088740531177,3.32089741671763,0.622283687196919,0.153879256152366,,1.5395697821619,,,0.791255292047026,,,0.242888093292418,,2.57353947802447,1.2440825477258,1.19115129919364,1.23518388859109,1.25799696677389,,,,,,0.674620042779416,,0.895671022090235,2.47141112856554,1.10569116731132,,,,1.24616408182101,2524,4741897.35716,4010489.78728,4791897.35716,3960489.78728,4763200,3992300
565,,,,,,,0.762739838541672,0.844472905866132,,1.77486547215171,1.87676457509587,,,1.17437406270455,0.159452622324959,,1.20408180963314,,,,,1.79671374763797,2.04516616466664,,,,,,,0.535956288462238,0.977142343710804,,1.29482382002655,0.849282404018473,,,,,,0.515704063931602,0.951844235644677,1.21776245857489,,1.30276070801319,2.54688102903296,2.74368922077785,,0.727162401856528,,,,0.787042280882064,,,,0.16368769085496,0.632244869272162,,,,,,1.76001871244675,,,,,,,1.44045202536511,,,0.947204624658013,,,,,,1.11034622115857,0.772495296449229,,,,0.592361386185537,,,1.55417604013813,,,3.69459310219397,,,,,,0.508422996674241,,,,,,,,1.24729664108851,,,,0.294809534991435,1.50240101807165,0.805707512724777,,,,1.43184509563998,,1.12481032959916,,,0.353947673874481,,1224,4791897.35716,4960489.78728,4841897.35716,4910489.78728,4810820,4931699
567,,,,,,,0.831364108423965,,,,2.05016798013611,,,1.58512588123509,,,1.57920610624426,,,,,,1.88838983346451,,,,,,1.47591017651278,0.527563731491496,1.31636589740865,,1.58171084683726,1.02335955368089,,,0.819278405300284,,,,0.992665696002692,1.14546378957229,0.266963683541132,1.60918541760073,2.91833096853447,2.15532522621488,,1.01874552243763,,0.879822863371662,,0.679049695138026,,,1.29084538233602,,,,,,,,1.71630812148228,,,,,,1.01383103997008,,,,1.10408415875104,,,,,0.363317904766725,1.51642038836618,0.777634483932863,,,,,,,1.25768601508806,,,3.32734460071795,1.19476753949299,,,,,0.594319877801145,0.460864831843274,0.724223147566021,,,,,,,,,1.26147042871421,0.299023521209723,1.12123512171017,0.864626775057596,,,,1.70708121222886,,1.35907055966831,1.71740477607708,,0.509434781968167,,2364,4791897.35716,4860489.78728,4841897.35716,4810489.78728,4795800,4840400
570,,,,,,,,,,,2.28107188595381,0.909777599198888,,,0.288172801100839,,,,,,,1.32961138359847,2.3674028914063,0.478865268494927,0.584644929091896,,,,1.47142341507267,,0.948940332720689,,0.923583182070818,,,,0.730241319565088,,1.32661121365665,,,2.05317954033843,,1.15002871550275,3.33169031784431,,,,0.674656225642256,,,0.666603848078717,,,0.899258617814268,,,,,,,,1.68061135981192,,,,,,,0.748412284181614,1.00266822909387,0.26276889906393,,,,0.793801828938158,,,1.41729129294715,0.905697147943675,,,,,,,1.36509122482493,0.832657197664962,,3.70610588686887,,,,,0.999391853145539,0.533189934136179,1.93605771596698,0.617088729914544,,,,,,1.28236495351115,,0.625067393796932,,0.35717118145471,0.449572043626906,,0.536256494715123,,0.80319110009526,1.29535421127983,,1.65504016034497,,,0.565319812172762,,1089,4791897.35716,4710489.78728,4841897.35716,4660489.78728,4832738,4686444
571,,,,,,,,,,,2.22289602088867,,,,0.290434777186774,,,,,,,1.43935934594334,2.31196616204015,,,,,,1.45535609785694,0.628616225291967,0.938370494589124,,0.934503747802003,,,,0.771509185598495,0.551657740863531,,0.371913870130413,,2.06477092574468,,1.13359281481835,3.26579870810317,,,0.380903470479956,,,,,,,,,,,,,,,1.65223449899367,,,,,,,0.753619128708985,0.969946855918735,,,,,0.803912739609065,,,1.42198916730417,0.908803040600706,,,,,,,1.37534748546492,0.871461616991965,0.753575635148394,3.82880696391624,,,,,1.04857008488711,0.527674957755176,1.90642969153957,,,,,,,1.3772570761169,,,0.661467798248573,0.352381953789571,0.467526046447717,,0.543821057751862,,,1.37896826601113,1.65606677659894,1.66265757906138,1.2237106902388,,0.517865089791305,,1060,4791897.35716,4660489.78728,4841897.35716,4610489.78728,4813262,4633080
573,-0.137487049290078,,,,,,,0.317084285005049,,0.987239813862543,2.22433111203515,1.34027701249885,,,,1.53829494481555,0.955728867752672,0.116432589911816,,,0.889661987445648,,2.08326828457014,,0.53113805965707,,,,1.34131463535578,0.639969637526704,1.02190584595868,1.20636168931671,1.10327475200524,0.86209091527404,,1.20738056060505,0.750167742459676,0.540663946727819,1.43346865517994,,0.581394585419506,1.76332113486087,0.206131171480214,1.05888320175642,3.09590078296738,,,0.593540166632714,0.498398697901606,0.672947801788977,0.658512447253298,0.743080840464494,,,1.20378202466929,,,,0.846561865124958,1.47402050877414,,1.85020069893554,1.68275237709152,,,,,,0.786460550495292,0.989458083236351,1.00523343612782,0.450736397562592,0.686977572633513,,,0.401618432179687,0.408543317529671,0.713596950807495,1.26683562357744,0.793055554057486,,,,,,,1.2260606353124,0.771343938106456,0.74631637942199,3.58582356527354,,,0.568014678515389,,0.941773047919648,0.437594119765858,1.57129377593835,0.696114455832949,,,,,,1.17253367451223,,0.513017139597481,0.780895197301719,,0.664723967700285,0.77575586062346,0.496816122461982,,0.773046996846246,1.25765990011506,1.56390406175675,1.44856253093917,1.12773819428483,,0.527031119492643,0.820113163368925,1006,4791897.35716,4560489.78728,4841897.35716,4510489.78728,4796765,4545970
582,,,0.718911197645822,0.19028297914391,0.309070625082592,0.985697185567795,,1.58470174847991,1.3606288689074,,1.64088412942092,1.77582390364537,,1.44592328372792,,1.06879530456891,0.842476131674937,0.134119850650352,,,1.46264147391629,,1.60733238058636,,,,,,1.90684750871518,0.814777551466082,2.09280436767513,2.11238232414797,0.964340689606004,,1.19521483875127,2.24972749762133,0.362144264280113,0.244426200786512,1.41050374427032,,,1.63082054762536,,0.756903663407701,3.37553557121877,,,0.157528847661441,0.360314705672926,0.520684169103103,,,0.839223346180066,,1.59961453463926,,,0.814839879986713,3.17884422831815,2.30820337981151,1.40966468930878,1.64402729004066,1.83206512951636,,,1.15615825519285,,1.33549425397287,1.45620218067627,,,,,0.682159122893109,,0.632779078700728,0.985928115631663,0.525521503082123,1.83374928167795,,,,,,1.57418468998217,0.73658477899195,1.01809001308206,0.73563070540258,,3.55126032518193,0.727068516276111,0.131971098370813,,1.51019968823627,,,1.35234364660236,0.349220946764709,,0.511817339910086,1.13600637240798,2.5463434386631,1.56704802387717,1.48700894085283,1.61264065843167,1.17162212448492,,,,,0.292661667199698,0.416613831060302,1.42441896668313,0.793067337640441,2.51366139916052,1.12578691662279,0.63728267742384,,0.0141879480984544,1.17822072042742,788,4791897.35716,4110489.78728,4841897.35716,4060489.78728,4808616,4084900
583,,,0.660096429374169,,,1.8096259588683,0.810518436901352,1.70629095669014,,,1.97102554070473,,0.184094413700161,,,1.19928579949798,1.00941902162109,0.235445964130332,,0.225976637268749,1.73842098173993,,2.03385129931675,,0.568966644616512,,,0.504680674215634,2.22400112775639,0.735385874686822,1.83594343076598,,1.25879260889453,0.874736411900469,1.67066675136006,1.49533540882139,0.65671894909791,0.779730468728219,1.84786707685437,,,1.79760432068537,,1.39482814025941,3.51113571642855,,1.37797410800943,0.724147770587493,0.60778343059212,,,0.770067900253282,1.36856423819551,,1.24866048361582,,,0.679344976881783,2.4784625071881,2.11160475106494,1.30261721263942,,1.5477683298226,1.02626160527755,0.470261537275512,1.27128495677717,,1.26130318310656,1.62134724775094,,0.637339179972064,,,,0.258415705149176,0.755146885008772,0.9607726929167,0.457702610184229,2.02231387899669,0.796569861432226,,1.30113567336091,,,1.9114299854784,1.04070403425897,0.726839874843944,,0.833966288300816,3.23175479996219,1.10386148124229,0.30537029380909,,1.26855459153168,0.97459831219976,0.51441658791219,1.21523701883446,,,0.439298340465211,0.974788481586368,2.98711433206147,1.15729563237591,1.60130033207016,,0.895369405075597,1.40265122641742,,,,0.533961892006363,,1.04961378475696,1.13513046335599,2.33768077617273,1.58019582944806,1.46297913733188,,0.418529336164213,1.56051125922868,2337,4791897.35716,4060489.78728,4841897.35716,4010489.78728,4799750,4046300
587,,,,,,2.07380450221699,,,,0.452336893003254,1.90390490641615,1.86710911680679,,,,,,,0.844074798565908,,1.19976140973369,,1.72951834790271,,0.646880169384685,,1.60704669768369,0.441601393965528,2.18208667143468,0.791342239992411,1.93121539687016,2.04637895467433,0.801462811376907,,,1.28802007167129,0.74708329178145,0.429353439892254,1.9931988697795,,,1.74994480514336,,,3.43889626598939,,,0.271423093493997,0.685898579917217,,,0.975188319785093,0.36028886989284,,1.30868014194245,,,0.503008344740997,1.45623081076138,1.44666015892567,,,,1.00428091559452,0.191280649730385,,,,1.10500456998594,,,0.395131270970156,,,,0.843234367673764,0.991938843922296,,1.83241331740049,,,1.62887211246697,1.49986739756299,,,,,,0.765292459876861,3.25161448627935,1.05603048482376,,,,0.89655371925257,0.504498078758906,1.84530462802736,,,0.614454130105463,,2.31550050261253,1.33814425402095,1.72948426989473,1.22101481656286,0.628671922183024,0.659474002395767,,,,,0.434027848698783,1.15357230538692,0.961528834865913,2.23853574721814,1.47263514995547,1.626565737175,,,1.30922318084739,649,4791897.35716,3860489.78728,4841897.35716,3810489.78728,4829834,3834053
605,,0.631862760437397,,0.673129067761237,,1.72504404786037,0.751048203198504,1.04858713810855,2.11889406663584,1.40754872662633,1.76354885024684,2.20002350806304,,1.23514855472801,0.320270741420716,1.41125823051345,1.23096952303761,,,,1.43579735283331,1.25638573646988,1.74523447481402,0.73514371437648,0.197104460615333,,,0.706929707591986,1.8488215802972,0.636367118179288,1.76151872589773,2.66549186114812,1.35985604423055,0.828198843649054,,,0.821054576100121,0.582789631210122,1.91866827366845,0.583608742027796,0.920766154653492,1.08147024235747,,1.62210343028138,2.91484983537864,2.18959438619241,,0.793464223480584,0.372074310629993,0.581214126622634,0.127213342793917,0.802094049302024,,,1.33742967349872,0.475634692880329,,,1.08903113770032,2.00238262025582,,2.38966955265591,1.69889522248882,,,,,,1.12067466786086,1.00799723070884,0.728916558163621,1.33912864857154,,,0.17542199876796,0.33029661974393,1.03491789732246,0.428130697485871,1.67695140824959,0.705824842450176,,1.40684379957514,1.02076765911469,,,,1.01911466171149,0.908398598687972,0.62420279505628,3.27240165093785,1.50453768661461,,,,0.722150072986568,0.722925828747121,0.674679177999721,0.969756134643385,0.210632318918116,,1.01575530227601,2.51806533439491,0.950221578428944,1.55114543305299,1.16724319500062,0.332096931236079,1.19844747461329,,0.698496622853053,0.66919118720403,0.358713558668073,0.823588437773919,0.317949708931637,1.68780330537886,1.22156651618191,1.37656519628462,2.07871021083571,,0.578651312080117,1.4719548419047,2491.33333333333,4841897.35716,4810489.78728,4891897.35716,4760489.78728,4870233.33333333,4778233.33333333
623,,,,,,2.01776344366821,,1.24463605825438,1.31328766087326,,1.93308069258239,2.05597101709052,0.581559452507408,,,,,0.61922383956827,1.71070700818212,,1.46341325645631,,,0.649152927446793,0.280505456597976,,,0.861089175678415,2.24852645191212,0.690017774623621,1.94813858547756,1.98966577228665,1.31829567626788,1.21916258615105,1.72525847783443,1.68916945910894,0.755231779783759,0.52252169144519,2.01182307960878,,,2.06990601122291,,,3.23923164644572,,,0.731196457949305,0.511358726994293,,,0.940810271121606,1.63817006850947,0.501002810588081,1.4679161875983,0.481768126774916,,0.498359746191029,2.05614035853849,1.93541250683456,1.20877369403186,2.29335539326087,1.3960451593914,,0.568293811078224,1.5208741031347,,0.672612073356025,1.15330059906508,,0.531087125380561,0.552173370742074,,0.826697821637942,,0.643722632953515,0.788447199792713,,1.78736089702114,,,1.35588368544396,,,1.89315669024275,0.964121255022,0.220206056981644,,,2.99982106974315,1.02159957097923,,,,,0.559306130656814,1.08091123628956,,0.231496819342714,,1.22135853676091,2.50869690206006,1.20399338811715,1.44866175004058,0.975132082334348,0.707617848067874,,,,,,0.778960460915124,1.18832707980477,1.38429160755992,2.11684134194525,1.50174563910566,1.43928259099817,,,1.53378222512854,2152.66666666667,4841897.35716,3910489.78728,4891897.35716,3860489.78728,4863300,3903866.66666667
641,,,,,,,0.948769044792226,,,0.855202359416368,2.38334713945371,,,,,,,0.21615300271997,,,,1.49350537393105,2.27243190866533,,,,,,,0.473181493012377,,,1.04505978533445,,,,0.75263766875666,0.520080840162263,,,,1.78680521960955,,1.08079033103553,3.24492150907591,1.78687381579313,,,,,0.597102694203636,0.561865188568395,,,1.07744238752769,,,,,1.33900079705114,,,1.83960687350304,1.06334888857084,,,,,0.61793100649378,,1.12093603705578,,,0.497180721302046,0.148785454575259,,,,1.18725865626567,0.909842426245582,,,,,,,1.41447144954007,,,3.66058292962406,,,,,0.960381405780906,0.542168472302137,1.43020738305871,,,,,,,,,,,0.350472268354084,,0.619378390222105,0.542547327097773,-0.191778467283264,0.536124360879543,1.34569825003098,1.18642507197671,1.53034345208683,1.11435333129858,,0.565425272803353,,1150,4891897.35716,4860489.78728,4941897.35716,4810489.78728,4898016,4814924
754,,,,,,0.731063682911554,,,,,1.99023354259423,,,,,,,,,,0.653262430264932,1.25298583392288,,,,,,,1.47543888125455,,1.16426513249763,,0.80609957220558,0.316294909111168,,,0.735665988997484,,1.55763644979942,,,1.60451031221233,,0.990061793292913,3.26718207710491,,,,0.473350291325703,,,,,,0.544271687045896,,,,,,,,,,,,,,0.613246834577907,,,,,,,,0.923425489315459,0.426834521015973,1.43235379093689,0.678786437918011,,,,,,,0.663708484275106,0.739710589712075,1.17564559295775,3.58321147410442,,,,,0.9102224405019,0.480839156714878,1.26025575537386,0.58092399348981,,,,,,1.66103731445412,,0.533285555142272,,,,,,,,1.46701782603968,1.54105301661415,1.43581237913626,1.24959651096582,,,,1818,5041897.35716,4760489.78728,5091897.35716,4710489.78728,5045400,4713500
802,,0.55002791622257,0.506797794078693,0.0385405041903518,,0.663461856958584,,,,,1.8760204692473,0.727562737188485,,,,,,,0.527766940466414,0.155738916786656,0.621007335131994,1.22458635119643,1.395238636984,0.897065600980271,0.568429819332915,,,0.532945053088487,1.55171300949295,0.459293216979845,1.22496866928742,0.489691553381083,0.848678220287462,,,0.803750307867407,0.750632008786028,0.217029752580224,1.48293144661673,,0.521470861893342,1.728267172989,,0.868870058960491,3.12995737731306,,,,0.542339468447863,,,0.612998510290046,-0.789547778461015,0.619218770018808,0.563454881911394,0.189304158481803,,0.394060504684149,,,,,1.08988538675528,,,,,,0.565781968747897,,0.682375346133715,,,,,,1.05441224378202,0.361056028197947,1.50922282066788,,,,,,,,0.403317020579075,0.521181895206481,1.19622965492446,3.68118811952541,0.669512309414439,,,,0.998133846485092,,1.4422435678398,,0.156377885657321,,,1.05380706223167,1.34126435065852,1.79408905656695,0.925100016845739,0.566474709491256,,,,,,,1.30626248826391,1.36934119752612,2.00003862825684,1.43390350031329,1.03529233002719,,0.191419806295027,,1765,5091897.35716,4210489.78728,5141897.35716,4160489.78728,5123900,4204100
866,,,,,,,,,,,2.46823388425329,,,,0.230358258229907,,,,,,0.342107693297751,,1.98862860022335,,0.475921900174141,,,,1.12233566891951,0.204601754197893,,,0.901985035008791,0.516853450619562,,,0.557684705805778,0.435733695283357,1.2480878666214,0.455728605131857,,1.90880415003461,,0.857457149871824,3.44233538989031,,,0.473437244219229,0.478265401701859,,,0.317790423972853,,,,0.156018378859498,,,,,,,1.25908930683924,,,,,,,,1.00883064170496,,,,,0.539812214371545,0.3621422872596,0.757072788061009,1.093686904842,0.768367200054681,,,,,,,,0.697850719542702,0.944933339302414,3.3930972672378,,,,,0.980968475833555,0.390931677260807,1.49408522918371,,0.0771012178413048,,,,,0.975235644132851,,0.652082117541525,0.780560656148742,0.156949009768135,,,0.595933241940334,,0.646803129364173,1.26408368792385,1.26595802967234,1.49565532243248,0.690990552232098,,0.470287304216955,,1808,5191897.35716,4710489.78728,5241897.35716,4660489.78728,5222300,4671500
